-0.00143
-0.00415
-0.00677
-0.00916
-0.01138
-0.01367
-0.01581
-0.01791
-0.01996
-0.02176
-0.02353
-0.02466
-0.02570
-0.02621
-0.02661
-0.02689
-0.02713
-0.02744
-0.02805
-0.02863
-0.02948
-0.02997
-0.03030
-0.03021
-0.02963
-0.02872
-0.02753
-0.02640
-0.02536
-0.02466
-0.02417
-0.02402
-0.02371
-0.02365
-0.02264
-0.02182
-0.02002
-0.01828
-0.01620
-0.01419
-0.01242
-0.01074
-0.00958
-0.00873
-0.00830
-0.00824
-0.00833
-0.00864
-0.00876
-0.00885
-0.00876
-0.00833
-0.00760
-0.00677
-0.00543
-0.00439
-0.00290
-0.00159
-0.00024
0.00128
0.00262
0.00427
0.00610
0.00812
0.01047
0.01276
0.01535
0.01764
0.02011
0.02213
0.02405
0.02524
0.02621
0.02646
0.02652
0.02628
0.02576
0.02521
0.02429
0.02353
0.02228
0.02112
0.01965
0.01822
0.01663
0.01514
0.01361
0.01270
0.01175
0.01175
0.01144
0.01178
0.01190
0.01202
0.01227
0.01218
0.01218
0.01202
0.01215
0.01242
0.01315
0.01416
0.01553
0.01730
0.01895
0.02084
0.02228
0.02396
0.02524
0.02655
0.02811
0.02966
0.03168
0.03375
0.03598
0.03851
0.04089
0.04373
0.04675
0.05054
0.05496
0.06036
0.06638
0.07330
0.08029
0.08707
0.09305
0.09781
0.10120
0.10315
0.10349
0.10291
0.10117
0.09918
0.09698
0.09473
0.09271
0.09067
0.08868
0.08685
0.08502
0.08325
0.08148
0.07968
0.07776
0.07550
0.07285
0.06970
0.06573
0.06110
0.05557
0.04959
0.04321
0.03711
0.03113
0.02631
0.02185
0.01886
0.01624
0.01443
0.01291
0.01157
0.01016
0.00873
0.00693
0.00510
0.00308
0.00122
-0.00070
-0.00226
-0.00412
-0.00555
-0.00735
-0.00885
-0.01071
-0.01230
-0.01434
-0.01596
-0.01788
-0.01944
-0.02100
-0.02243
-0.02390
-0.02554
-0.02747
-0.02975
-0.03256
-0.03561
-0.03925
-0.04294
-0.04669
-0.05042
-0.05383
-0.05725
-0.06036
-0.06332
-0.06610
-0.06879
-0.07126
-0.07376
-0.07587
-0.07794
-0.07974
-0.08121
-0.08282
-0.08395
-0.08539
-0.08661
-0.08801
-0.08939
-0.09067
-0.09192
-0.09302
-0.09415
-0.09488
-0.09576
-0.09625
-0.09708
-0.09744
-0.09836
-0.09866
-0.09909
-0.09909
-0.09872
-0.09802
-0.09692
-0.09528
-0.09314
-0.09061
-0.08743
-0.08405
-0.07993
-0.07590
-0.07104
-0.06650
-0.06152
-0.05707
-0.05276
-0.04883
-0.04520
-0.04160
-0.03818
-0.03473
-0.03116
-0.02768
-0.02390
-0.02051
-0.01691
-0.01361
-0.01028
-0.00693
-0.00333
0.00067
0.00494
0.01022
0.01547
0.02176
0.02762
0.03369
0.03937
0.04477
0.04971
0.05429
0.05853
0.06250
0.06628
0.06998
0.07336
0.07687
0.07986
0.08276
0.08517
0.08716
0.08881
0.09006
0.09097
0.09180
0.09219
0.09253
0.09268
0.09256
0.09256
0.09235
0.09238
0.09250
0.09296
0.09354
0.09448
0.09518
0.09570
0.09552
0.09412
0.09167
0.08768
0.08246
0.07605
0.06876
0.06104
0.05316
0.04562
0.03830
0.03149
0.02515
0.01923
0.01376
0.00864
0.00391
-0.00049
-0.00449
-0.00787
-0.01123
-0.01407
-0.01724
-0.02020
-0.02347
-0.02698
-0.03058
-0.03412
-0.03714
-0.03934
-0.04013
-0.03964
-0.03745
-0.03409
-0.02966
-0.02478
-0.01974
-0.01471
-0.01001
-0.00562
-0.00189
0.00143
0.00412
0.00641
0.00778
0.00888
0.00909
0.00943
0.00974
0.01083
0.01270
0.01599
0.02029
0.02582
0.03198
0.03845
0.04510
0.05103
0.05670
0.06097
0.06461
0.06714
0.06894
0.07022
0.07092
0.07114
0.07089
0.07028
0.06934
0.06839
0.06720
0.06647
0.06589
0.06543
0.06552
0.06503
0.06494
0.06369
0.06198
0.05905
0.05521
0.05042
0.04486
0.03885
0.03275
0.02661
0.02112
0.01578
0.01144
0.00729
0.00400
0.00092
-0.00156
-0.00412
-0.00708
-0.00998
-0.01306
-0.01614
-0.01883
-0.02112
-0.02261
-0.02359
-0.02408
-0.02438
-0.02463
-0.02493
-0.02539
-0.02579
-0.02658
-0.02707
-0.02753
-0.02771
-0.02762
-0.02756
-0.02768
-0.02771
-0.02817
-0.02832
-0.02859
-0.02838
-0.02802
-0.02747
-0.02695
-0.02646
-0.02625
-0.02615
-0.02667
-0.02719
-0.02823
-0.02884
-0.02969
-0.03006
-0.03030
-0.03046
-0.03006
-0.02991
-0.02927
-0.02921
-0.02921
-0.02933
-0.02982
-0.03006
-0.03049
-0.03091
-0.03110
-0.03165
-0.03204
-0.03275
-0.03345
-0.03427
-0.03482
-0.03561
-0.03604
-0.03687
-0.03735
-0.03799
-0.03836
-0.03876
-0.03876
-0.03876
-0.03818
-0.03751
-0.03644
-0.03516
-0.03372
-0.03238
-0.03101
-0.03003
-0.02930
-0.02884
-0.02829
-0.02808
-0.02780
-0.02768
-0.02728
-0.02704
-0.02682
-0.02676
-0.02682
-0.02682
-0.02698
-0.02682
-0.02686
-0.02640
-0.02573
-0.02469
-0.02332
-0.02188
-0.02002
-0.01837
-0.01630
-0.01495
-0.01337
-0.01251
-0.01181
-0.01154
-0.01178
-0.01230
-0.01321
-0.01428
-0.01562
-0.01697
-0.01846
-0.01950
-0.02051
-0.02130
-0.02213
-0.02316
-0.02444
-0.02609
-0.02823
-0.03052
-0.03290
-0.03522
-0.03687
-0.03821
-0.03857
-0.03818
-0.03720
-0.03616
-0.03516
-0.03470
-0.03519
-0.03677
-0.03940
-0.04306
-0.04755
-0.05307
-0.05878
-0.06509
-0.07135
-0.07770
-0.08371
-0.08896
-0.09317
-0.09616
-0.09839
-0.09949
-0.09988
-0.09964
-0.09933
-0.09906
-0.09879
-0.09897
-0.09924
-0.09995
-0.10068
-0.10156
-0.10233
-0.10327
-0.10391
-0.10437
-0.10425
-0.10355
-0.10156
-0.09860
-0.09399
-0.08844
-0.08163
-0.07397
-0.06549
-0.05667
-0.04797
-0.03973
-0.03238
-0.02618
-0.02106
-0.01706
-0.01370
-0.01050
-0.00723
-0.00342
0.00140
0.00677
0.01315
0.01990
0.02682
0.03394
0.04068
0.04706
0.05292
0.05820
0.06290
0.06735
0.07071
0.07391
0.07596
0.07785
0.07922
0.08020
0.08145
0.08261
0.08447
0.08658
0.08908
0.09177
0.09460
0.09698
0.09933
0.10019
0.10040
0.09888
0.09653
0.09259
0.08789
0.08240
0.07678
0.07071
0.06512
0.05933
0.05417
0.04895
0.04413
0.03912
0.03470
0.03043
0.02689
0.02386
0.02145
0.01962
0.01849
0.01776
0.01740
0.01721
0.01718
0.01712
0.01709
0.01724
0.01755
0.01837
0.01917
0.02066
0.02197
0.02371
0.02524
0.02682
0.02829
0.02988
0.03113
0.03278
0.03394
0.03568
0.03705
0.03879
0.04016
0.04163
0.04266
0.04358
0.04428
0.04456
0.04498
0.04501
0.04504
0.04520
0.04520
0.04559
0.04596
0.04648
0.04688
0.04758
0.04794
0.04865
0.04868
0.04907
0.04926
0.04944
0.04965
0.05017
0.05063
0.05118
0.05173
0.05203
0.05231
0.05185
0.05142
0.05011
0.04886
0.04742
0.04602
0.04477
0.04361
0.04276
0.04175
0.04071
0.03912
0.03745
0.03564
0.03412
0.03299
0.03241
0.03226
0.03259
0.03275
0.03296
0.03256
0.03165
0.03024
0.02826
0.02649
0.02451
0.02313
0.02176
0.02078
0.01971
0.01843
0.01672
0.01465
0.01245
0.01041
0.00851
0.00702
0.00595
0.00534
0.00510
0.00500
0.00516
0.00494
0.00488
0.00424
0.00375
0.00317
0.00305
0.00330
0.00403
0.00528
0.00687
0.00870
0.01062
0.01193
0.01303
0.01324
0.01285
0.01193
0.01047
0.00922
0.00815
0.00742
0.00748
0.00784
0.00861
0.00943
0.01013
0.01022
0.01028
0.00928
0.00830
0.00629
0.00424
0.00140
-0.00174
-0.00577
-0.01025
-0.01556
-0.02084
-0.02667
-0.03207
-0.03708
-0.04153
-0.04489
-0.04794
-0.04999
-0.05182
-0.05344
-0.05490
-0.05692
-0.05887
-0.06116
-0.06339
-0.06573
-0.06796
-0.07007
-0.07187
-0.07361
-0.07474
-0.07578
-0.07584
-0.07516
-0.07336
-0.07019
-0.06598
-0.06055
-0.05432
-0.04776
-0.04074
-0.03452
-0.02853
-0.02365
-0.01971
-0.01663
-0.01447
-0.01254
-0.01126
-0.00983
-0.00876
-0.00742
-0.00571
-0.00369
-0.00104
0.00211
0.00574
0.00992
0.01422
0.01892
0.02322
0.02722
0.03033
0.03287
0.03458
0.03528
0.03513
0.03436
0.03323
0.03177
0.03073
0.02994
0.03000
0.03033
0.03128
0.03192
0.03271
0.03271
0.03207
0.03040
0.02759
0.02405
0.01974
0.01483
0.00961
0.00388
-0.00168
-0.00760
-0.01355
-0.01956
-0.02527
-0.03043
-0.03513
-0.03912
-0.04263
-0.04535
-0.04752
-0.04831
-0.04840
-0.04694
-0.04486
-0.04187
-0.03851
-0.03497
-0.03177
-0.02872
-0.02661
-0.02469
-0.02350
-0.02246
-0.02158
-0.02029
-0.01889
-0.01706
-0.01550
-0.01395
-0.01285
-0.01221
-0.01175
-0.01163
-0.01129
-0.01108
-0.01022
-0.00937
-0.00787
-0.00644
-0.00470
-0.00314
-0.00183
-0.00067
0.00021
0.00107
0.00192
0.00266
0.00357
0.00443
0.00522
0.00571
0.00589
0.00558
0.00516
0.00446
0.00388
0.00336
0.00320
0.00354
0.00391
0.00479
0.00500
0.00534
0.00467
0.00369
0.00211
0.00015
-0.00208
-0.00433
-0.00674
-0.00879
-0.01099
-0.01309
-0.01526
-0.01785
-0.02032
-0.02310
-0.02591
-0.02859
-0.03134
-0.03381
-0.03622
-0.03857
-0.04068
-0.04294
-0.04532
-0.04776
-0.05066
-0.05325
-0.05603
-0.05847
-0.06085
-0.06293
-0.06494
-0.06708
-0.06918
-0.07153
-0.07407
-0.07629
-0.07880
-0.08069
-0.08246
-0.08334
-0.08383
-0.08359
-0.08295
-0.08212
-0.08105
-0.08002
-0.07895
-0.07800
-0.07675
-0.07529
-0.07303
-0.07028
-0.06693
-0.06302
-0.05887
-0.05508
-0.05139
-0.04892
-0.04660
-0.04565
-0.04422
-0.04364
-0.04224
-0.04129
-0.03943
-0.03769
-0.03534
-0.03317
-0.03076
-0.02808
-0.02551
-0.02267
-0.02002
-0.01733
-0.01495
-0.01291
-0.01166
-0.01120
-0.01175
-0.01303
-0.01498
-0.01767
-0.02036
-0.02322
-0.02551
-0.02762
-0.02875
-0.02957
-0.02881
-0.02695
-0.02362
-0.01877
-0.01279
-0.00528
0.00311
0.01129
0.01895
0.02502
0.02875
0.03027
0.02933
0.02698
0.02420
0.02167
0.02039
0.02087
0.02313
0.02716
0.03247
0.03845
0.04465
0.05023
0.05496
0.05829
0.05997
0.06021
0.05939
0.05780
0.05637
0.05511
0.05505
0.05588
0.05811
0.06122
0.06540
0.07031
0.07565
0.08157
0.08771
0.09406
0.10034
0.10651
0.11252
0.11777
0.12265
0.12628
0.12939
0.13174
0.13348
0.13498
0.13617
0.13724
0.13815
0.13873
0.13904
0.13904
0.13861
0.13782
0.13660
0.13498
0.13269
0.13016
0.12662
0.12286
0.11819
0.11292
0.10733
0.10110
0.09457
0.08786
0.08090
0.07428
0.06747
0.06113
0.05499
0.04935
0.04425
0.03970
0.03564
0.03238
0.02945
0.02740
0.02560
0.02441
0.02347
0.02286
0.02231
0.02179
0.02100
0.02045
0.01947
0.01862
0.01767
0.01672
0.01550
0.01440
0.01303
0.01196
0.01093
0.01031
0.01013
0.01028
0.01108
0.01193
0.01309
0.01392
0.01453
0.01459
0.01401
0.01291
0.01135
0.00974
0.00793
0.00635
0.00479
0.00360
0.00223
0.00089
-0.00095
-0.00308
-0.00574
-0.00845
-0.01151
-0.01425
-0.01691
-0.01892
-0.02081
-0.02225
-0.02325
-0.02402
-0.02466
-0.02530
-0.02588
-0.02682
-0.02786
-0.02945
-0.03085
-0.03308
-0.03552
-0.03925
-0.04367
-0.04935
-0.05627
-0.06390
-0.07211
-0.07996
-0.08722
-0.09311
-0.09760
-0.10092
-0.10275
-0.10416
-0.10474
-0.10538
-0.10553
-0.10538
-0.10477
-0.10370
-0.10181
-0.09924
-0.09512
-0.09003
-0.08337
-0.07553
-0.06638
-0.05667
-0.04721
-0.03851
-0.03088
-0.02472
-0.02005
-0.01682
-0.01453
-0.01291
-0.01166
-0.01038
-0.00858
-0.00568
-0.00137
0.00488
0.01312
0.02335
0.03497
0.04764
0.05960
0.07074
0.07950
0.08643
0.09079
0.09366
0.09500
0.09595
0.09634
0.09668
0.09686
0.09714
0.09732
0.09735
0.09674
0.09573
0.09372
0.09113
0.08755
0.08365
0.07916
0.07507
0.07092
0.06750
0.06491
0.06265
0.06119
0.05957
0.05804
0.05603
0.05353
0.05002
0.04596
0.04132
0.03613
0.03088
0.02536
0.02020
0.01508
0.01025
0.00568
0.00119
-0.00317
-0.00772
-0.01239
-0.01761
-0.02328
-0.02939
-0.03610
-0.04269
-0.04962
-0.05569
-0.06146
-0.06577
-0.06915
-0.07089
-0.07138
-0.07040
-0.06821
-0.06500
-0.06107
-0.05688
-0.05255
-0.04865
-0.04504
-0.04242
-0.04004
-0.03870
-0.03757
-0.03711
-0.03622
-0.03546
-0.03424
-0.03241
-0.03018
-0.02682
-0.02258
-0.01712
-0.01077
-0.00412
0.00284
0.00909
0.01486
0.01947
0.02316
0.02557
0.02731
0.02792
0.02844
0.02859
0.02875
0.02927
0.02994
0.03085
0.03189
0.03287
0.03381
0.03458
0.03485
0.03510
0.03445
0.03357
0.03192
0.02954
0.02670
0.02332
0.01971
0.01556
0.01111
0.00635
0.00107
-0.00449
-0.01019
-0.01590
-0.02139
-0.02658
-0.03177
-0.03632
-0.04047
-0.04456
-0.04837
-0.05188
-0.05524
-0.05789
-0.06039
-0.06219
-0.06369
-0.06467
-0.06528
-0.06595
-0.06659
-0.06766
-0.06906
-0.07141
-0.07480
-0.07904
-0.08426
-0.08960
-0.09497
-0.10004
-0.10406
-0.10709
-0.10919
-0.11041
-0.11118
-0.11127
-0.11102
-0.11081
-0.11044
-0.11011
-0.10956
-0.10901
-0.10843
-0.10730
-0.10513
-0.10165
-0.09601
-0.08859
-0.07959
-0.06998
-0.06058
-0.05188
-0.04471
-0.03879
-0.03479
-0.03146
-0.02979
-0.02829
-0.02753
-0.02673
-0.02573
-0.02405
-0.02087
-0.01611
-0.00958
-0.00150
0.00790
0.01755
0.02676
0.03448
0.04053
0.04449
0.04684
0.04773
0.04770
0.04745
0.04721
0.04764
0.04816
0.04974
0.05106
0.05325
0.05441
0.05548
0.05484
0.05319
0.04971
0.04514
0.03983
0.03418
0.02917
0.02484
0.02234
0.02100
0.02124
0.02264
0.02423
0.02661
0.02847
0.03012
0.03152
0.03217
0.03290
0.03296
0.03320
0.03317
0.03336
0.03360
0.03418
0.03519
0.03638
0.03799
0.03949
0.04111
0.04260
0.04370
0.04413
0.04388
0.04266
0.04050
0.03757
0.03366
0.02914
0.02435
0.01947
0.01495
0.01089
0.00714
0.00430
0.00168
-0.00034
-0.00217
-0.00372
-0.00491
-0.00613
-0.00711
-0.00821
-0.00958
-0.01129
-0.01370
-0.01617
-0.01947
-0.02267
-0.02631
-0.02994
-0.03394
-0.03775
-0.04166
-0.04538
-0.04892
-0.05237
-0.05566
-0.05908
-0.06247
-0.06635
-0.07071
-0.07559
-0.08078
-0.08618
-0.09149
-0.09634
-0.10092
-0.10458
-0.10760
-0.10938
-0.10999
-0.10922
-0.10733
-0.10382
-0.09918
-0.09338
-0.08691
-0.07944
-0.07169
-0.06360
-0.05579
-0.04843
-0.04160
-0.03561
-0.03040
-0.02600
-0.02240
-0.01895
-0.01569
-0.01224
-0.00809
-0.00336
0.00278
0.00989
0.01782
0.02670
0.03555
0.04492
0.05386
0.06238
0.07043
0.07788
0.08487
0.09073
0.09592
0.09961
0.10236
0.10318
0.10257
0.10043
0.09760
0.09415
0.09082
0.08792
0.08594
0.08450
0.08392
0.08371
0.08377
0.08374
0.08331
0.08228
0.08035
0.07751
0.07397
0.06998
0.06610
0.06274
0.06039
0.05954
0.05994
0.06161
0.06396
0.06656
0.06833
0.06927
0.06894
0.06744
0.06473
0.06137
0.05688
0.05283
0.04825
0.04468
0.04193
0.04071
0.04144
0.04388
0.04807
0.05334
0.05923
0.06512
0.07010
0.07379
0.07584
0.07620
0.07507
0.07269
0.06979
0.06644
0.06366
0.06137
0.05981
0.05887
0.05798
0.05710
0.05515
0.05246
0.04828
0.04300
0.03705
0.03052
0.02457
0.01929
0.01520
0.01230
0.01050
0.00958
0.00934
0.00961
0.01035
0.01111
0.01221
0.01291
0.01392
0.01428
0.01450
0.01398
0.01309
0.01151
0.00986
0.00790
0.00616
0.00494
0.00403
0.00391
0.00400
0.00418
0.00430
0.00415
0.00342
0.00229
0.00061
-0.00122
-0.00278
-0.00424
-0.00461
-0.00485
-0.00427
-0.00354
-0.00293
-0.00235
-0.00244
-0.00284
-0.00378
-0.00516
-0.00632
-0.00760
-0.00836
-0.00882
-0.00882
-0.00870
-0.00842
-0.00821
-0.00839
-0.00839
-0.00894
-0.00909
-0.00958
-0.00986
-0.01013
-0.01035
-0.01068
-0.01151
-0.01236
-0.01379
-0.01495
-0.01642
-0.01703
-0.01706
-0.01651
-0.01569
-0.01462
-0.01382
-0.01340
-0.01352
-0.01437
-0.01520
-0.01666
-0.01755
-0.01883
-0.01990
-0.02090
-0.02197
-0.02280
-0.02353
-0.02411
-0.02441
-0.02429
-0.02417
-0.02380
-0.02365
-0.02347
-0.02390
-0.02472
-0.02670
-0.02875
-0.03192
-0.03522
-0.03973
-0.04437
-0.04962
-0.05496
-0.06030
-0.06534
-0.06985
-0.07379
-0.07721
-0.08002
-0.08224
-0.08420
-0.08627
-0.08887
-0.09262
-0.09741
-0.10406
-0.11172
-0.12076
-0.13019
-0.13971
-0.14874
-0.15659
-0.16293
-0.16736
-0.17010
-0.17111
-0.17062
-0.16855
-0.16541
-0.16135
-0.15707
-0.15244
-0.14804
-0.14346
-0.13904
-0.13406
-0.12833
-0.12137
-0.11337
-0.10413
-0.09406
-0.08328
-0.07217
-0.06128
-0.05054
-0.04056
-0.03076
-0.02237
-0.01434
-0.00748
-0.00116
0.00482
0.01147
0.01892
0.02805
0.03867
0.05035
0.06299
0.07532
0.08655
0.09647
0.10422
0.11005
0.11398
0.11688
0.11884
0.12109
0.12314
0.12595
0.12854
0.13141
0.13348
0.13498
0.13498
0.13345
0.13052
0.12552
0.11935
0.11166
0.10291
0.09335
0.08368
0.07391
0.06485
0.05615
0.04849
0.04126
0.03516
0.02954
0.02490
0.02112
0.01804
0.01541
0.01312
0.01108
0.00909
0.00693
0.00500
0.00275
0.00125
0.00003
-0.00031
-0.00018
0.00040
0.00131
0.00195
0.00238
0.00247
0.00241
0.00214
0.00189
0.00140
0.00107
0.00037
-0.00003
-0.00085
-0.00134
-0.00229
-0.00287
-0.00375
-0.00430
-0.00476
-0.00476
-0.00470
-0.00436
-0.00388
-0.00293
-0.00183
-0.00040
0.00095
0.00256
0.00394
0.00516
0.00647
0.00787
0.00946
0.01080
0.01212
0.01303
0.01364
0.01385
0.01364
0.01331
0.01334
0.01355
0.01440
0.01590
0.01770
0.02042
0.02322
0.02646
0.02982
0.03372
0.03845
0.04373
0.04932
0.05417
0.05814
0.06042
0.06143
0.06116
0.05997
0.05823
0.05554
0.05225
0.04825
0.04346
0.03799
0.03131
0.02463
0.01770
0.01196
0.00693
0.00354
0.00116
-0.00037
-0.00122
-0.00208
-0.00266
-0.00372
-0.00476
-0.00671
-0.00864
-0.01126
-0.01379
-0.01584
-0.01752
-0.01773
-0.01743
-0.01617
-0.01523
-0.01486
-0.01529
-0.01721
-0.02005
-0.02426
-0.02911
-0.03430
-0.03983
-0.04529
-0.05057
-0.05542
-0.05954
-0.06271
-0.06500
-0.06656
-0.06671
-0.06674
-0.06580
-0.06519
-0.06433
-0.06320
-0.06180
-0.05914
-0.05554
-0.05014
-0.04367
-0.03635
-0.02863
-0.02118
-0.01453
-0.00888
-0.00485
-0.00253
-0.00208
-0.00360
-0.00638
-0.01062
-0.01492
-0.01941
-0.02274
-0.02502
-0.02545
-0.02472
-0.02255
-0.01996
-0.01663
-0.01392
-0.01221
-0.01239
-0.01535
-0.02057
-0.02811
-0.03650
-0.04462
-0.05133
-0.05606
-0.05811
-0.05786
-0.05557
-0.05121
-0.04428
-0.03525
-0.02475
-0.01395
-0.00473
0.00125
0.00436
0.00433
0.00302
0.00082
-0.00058
-0.00092
0.00031
0.00284
0.00665
0.01141
0.01721
0.02441
0.03278
0.04239
0.05228
0.06168
0.07007
0.07700
0.08258
0.08661
0.08963
0.09183
0.09305
0.09274
0.09094
0.08768
0.08380
0.08096
0.07928
0.08002
0.08209
0.08588
0.08981
0.09381
0.09741
0.09979
0.10138
0.10144
0.10086
0.09924
0.09720
0.09467
0.09219
0.08939
0.08640
0.08279
0.07877
0.07397
0.06891
0.06323
0.05774
0.05231
0.04712
0.04224
0.03784
0.03348
0.02991
0.02621
0.02310
0.02002
0.01733
0.01508
0.01300
0.01129
0.00943
0.00766
0.00577
0.00372
0.00153
-0.00073
-0.00308
-0.00555
-0.00833
-0.01074
-0.01321
-0.01492
-0.01672
-0.01770
-0.01843
-0.01877
-0.01913
-0.01953
-0.01978
-0.02051
-0.02139
-0.02307
-0.02509
-0.02774
-0.03085
-0.03406
-0.03748
-0.04037
-0.04294
-0.04510
-0.04678
-0.04840
-0.04980
-0.05194
-0.05515
-0.05997
-0.06631
-0.07394
-0.08215
-0.09045
-0.09796
-0.10385
-0.10840
-0.11035
-0.10886
-0.10394
-0.09558
-0.08551
-0.07629
-0.07025
-0.06717
-0.06775
-0.07056
-0.07516
-0.08054
-0.08624
-0.09149
-0.09647
-0.10025
-0.10358
-0.10568
-0.10718
-0.10730
-0.10632
-0.10406
-0.10132
-0.09836
-0.09625
-0.09543
-0.09540
-0.09653
-0.09641
-0.09653
-0.09573
-0.09525
-0.09457
-0.09341
-0.09067
-0.08600
-0.07977
-0.07224
-0.06512
-0.05826
-0.05350
-0.04959
-0.04703
-0.04440
-0.04163
-0.03729
-0.03128
-0.02304
-0.01303
-0.00140
0.01068
0.02319
0.03491
0.04581
0.05481
0.06247
0.06815
0.07242
0.07565
0.07825
0.08090
0.08398
0.08755
0.09192
0.09634
0.10095
0.10489
0.10809
0.11014
0.11121
0.11108
0.11038
0.10919
0.10779
0.10675
0.10556
0.10471
0.10391
0.10297
0.10226
0.10135
0.10098
0.09998
0.09952
0.09830
0.09750
0.09595
0.09436
0.09225
0.08990
0.08667
0.08289
0.07837
0.07321
0.06757
0.06140
0.05521
0.04886
0.04218
0.03540
0.02814
0.02094
0.01334
0.00598
-0.00131
-0.00815
-0.01468
-0.02112
-0.02789
-0.03503
-0.04202
-0.04901
-0.05450
-0.05945
-0.06256
-0.06232
-0.05911
-0.05206
-0.04236
-0.03217
-0.02277
-0.01535
-0.01010
-0.00671
-0.00491
-0.00406
-0.00317
-0.00229
-0.00027
0.00247
0.00589
0.01013
0.01477
0.01996
0.02524
0.03098
0.03714
0.04428
0.05176
0.05936
0.06659
0.07260
0.07809
0.08151
0.08261
0.08154
0.07794
0.07327
0.06906
0.06625
0.06589
0.06723
0.07013
0.07346
0.07651
0.07901
0.08011
0.08044
0.07935
0.07748
0.07486
0.07159
0.06769
0.06329
0.05856
0.05365
0.04852
0.04343
0.03851
0.03394
0.02942
0.02527
0.02090
0.01675
0.01248
0.00845
0.00467
0.00189
-0.00009
-0.00101
-0.00119
-0.00101
-0.00125
-0.00198
-0.00366
-0.00662
-0.01068
-0.01584
-0.02194
-0.02863
-0.03558
-0.04254
-0.04865
-0.05420
-0.05798
-0.06100
-0.06262
-0.06390
-0.06458
-0.06589
-0.06763
-0.07056
-0.07452
-0.07907
-0.08392
-0.08832
-0.09134
-0.09256
-0.09161
-0.08856
-0.08353
-0.07739
-0.06995
-0.06277
-0.05576
-0.05072
-0.04697
-0.04541
-0.04526
-0.04645
-0.04791
-0.04916
-0.05014
-0.05042
-0.05038
-0.04987
-0.04855
-0.04630
-0.04337
-0.03723
-0.02859
-0.01648
-0.00180
0.01300
0.02560
0.03503
0.04065
0.04330
0.04401
0.04382
0.04370
0.04361
0.04385
0.04367
0.04279
0.04080
0.03775
0.03354
0.02847
0.02328
0.01773
0.01367
0.01059
0.00986
0.01102
0.01288
0.01627
0.01920
0.02066
0.01968
0.01556
0.00928
0.00165
-0.00516
-0.01099
-0.01480
-0.01694
-0.01755
-0.01727
-0.01602
-0.01437
-0.01230
-0.01025
-0.00842
-0.00684
-0.00571
-0.00494
-0.00436
-0.00409
-0.00375
-0.00366
-0.00381
-0.00427
-0.00507
-0.00635
-0.00784
-0.00983
-0.01151
-0.01315
-0.01379
-0.01404
-0.01324
-0.01196
-0.01016
-0.00815
-0.00650
-0.00549
-0.00488
-0.00525
-0.00632
-0.00821
-0.01074
-0.01343
-0.01669
-0.02005
-0.02344
-0.02673
-0.02972
-0.03271
-0.03564
-0.03836
-0.04123
-0.04395
-0.04724
-0.05124
-0.05600
-0.06198
-0.06897
-0.07739
-0.08636
-0.09613
-0.10577
-0.11533
-0.12436
-0.13245
-0.13947
-0.14502
-0.14951
-0.15250
-0.15469
-0.15567
-0.15616
-0.15579
-0.15512
-0.15353
-0.15146
-0.14886
-0.14648
-0.14352
-0.14172
-0.14050
-0.14005
-0.14102
-0.14017
-0.13693
-0.12967
-0.11780
-0.10373
-0.08936
-0.07690
-0.06699
-0.05994
-0.05505
-0.05167
-0.04828
-0.04410
-0.03873
-0.03152
-0.02341
-0.01416
-0.00494
0.00385
0.01172
0.01834
0.02347
0.02753
0.03064
0.03308
0.03619
0.03873
0.04297
0.04782
0.05222
0.05554
0.05615
0.05447
0.05035
0.04599
0.04138
0.03802
0.03516
0.03406
0.03329
0.03397
0.03476
0.03638
0.03824
0.04059
0.04364
0.04749
0.05191
0.05685
0.06155
0.06567
0.06873
0.07016
0.07004
0.06851
0.06619
0.06332
0.06152
0.06027
0.06119
0.06351
0.06796
0.07346
0.08002
0.08664
0.09274
0.09781
0.10117
0.10309
0.10339
0.10272
0.10168
0.10095
0.10074
0.10159
0.10306
0.10522
0.10706
0.10809
0.10806
0.10623
0.10297
0.09772
0.09137
0.08411
0.07626
0.06854
0.06140
0.05511
0.04999
0.04590
0.04279
0.04105
0.04007
0.03986
0.04031
0.04095
0.04193
0.04291
0.04370
0.04425
0.04459
0.04474
0.04483
0.04489
0.04474
0.04468
0.04419
0.04303
0.04184
0.04001
0.03845
0.03717
0.03522
0.03418
0.03506
0.03775
0.04324
0.04974
0.05591
0.06027
0.06195
0.06113
0.05829
0.05429
0.05008
0.04596
0.04254
0.03961
0.03738
0.03543
0.03381
0.03241
0.03122
0.03088
0.03012
0.03055
0.03073
0.03146
0.03189
0.03192
0.03189
0.03241
0.03256
0.03165
0.02933
0.02496
0.01962
0.01471
0.01062
0.00861
0.00778
0.00839
0.00961
0.01080
0.01193
0.01276
0.01315
0.01309
0.01257
0.01175
0.01038
0.00858
0.00647
0.00449
0.00266
0.00101
0.00015
-0.00052
0.00024
0.00146
0.00366
0.00623
0.00937
0.01215
0.01483
0.01685
0.01828
0.01923
0.01971
0.01965
0.01941
0.01871
0.01770
0.01593
0.01346
0.01031
0.00699
0.00360
0.00107
-0.00079
-0.00137
-0.00131
-0.00073
-0.00092
-0.00229
-0.00598
-0.01172
-0.02032
-0.03070
-0.04312
-0.05634
-0.07004
-0.08322
-0.09576
-0.10690
-0.11600
-0.12366
-0.12885
-0.13263
-0.13519
-0.13663
-0.13770
-0.13858
-0.13922
-0.13980
-0.14008
-0.13962
-0.13876
-0.13690
-0.13446
-0.13071
-0.12613
-0.11948
-0.11096
-0.10031
-0.08813
-0.07602
-0.06393
-0.05215
-0.04123
-0.03036
-0.02081
-0.01257
-0.00592
-0.00046
0.00504
0.01099
0.01828
0.02676
0.03690
0.04779
0.05945
0.07037
0.08060
0.08939
0.09622
0.10172
0.10583
0.10941
0.11282
0.11710
0.12131
0.12637
0.13058
0.13431
0.13705
0.13751
0.13559
0.13043
0.12238
0.11240
0.10187
0.09152
0.08215
0.07330
0.06570
0.05817
0.05161
0.04501
0.03912
0.03339
0.02762
0.02203
0.01614
0.01025
0.00409
-0.00211
-0.00818
-0.01419
-0.01956
-0.02423
-0.02829
-0.03174
-0.03464
-0.03717
-0.03973
-0.04233
-0.04507
-0.04742
-0.04977
-0.05167
-0.05304
-0.05396
-0.05405
-0.05380
-0.05319
-0.05243
-0.05170
-0.05106
-0.05081
-0.05048
-0.05045
-0.05051
-0.05045
-0.05081
-0.05121
-0.05200
-0.05322
-0.05435
-0.05612
-0.05698
-0.05795
-0.05835
-0.05804
-0.05762
-0.05637
-0.05496
-0.05313
-0.05106
-0.04840
-0.04547
-0.04190
-0.03867
-0.03516
-0.03207
-0.02972
-0.02823
-0.02786
-0.02814
-0.02884
-0.03024
-0.03143
-0.03296
-0.03372
-0.03397
-0.03351
-0.03247
-0.03055
-0.02859
-0.02643
-0.02344
-0.01981
-0.01480
-0.00900
-0.00375
0.00070
0.00314
0.00427
0.00400
0.00281
0.00146
-0.00006
-0.00110
-0.00208
-0.00250
-0.00272
-0.00281
-0.00287
-0.00363
-0.00491
-0.00726
-0.01047
-0.01443
-0.01904
-0.02359
-0.02789
-0.03152
-0.03418
-0.03583
-0.03738
-0.03906
-0.04163
-0.04471
-0.04803
-0.05093
-0.05353
-0.05566
-0.05826
-0.06097
-0.06491
-0.06955
-0.07492
-0.08078
-0.08640
-0.09204
-0.09683
-0.10101
-0.10443
-0.10712
-0.10944
-0.11090
-0.11176
-0.11188
-0.11102
-0.10965
-0.10721
-0.10431
-0.10013
-0.09503
-0.08859
-0.08099
-0.07236
-0.06320
-0.05438
-0.04599
-0.03888
-0.03311
-0.02902
-0.02631
-0.02457
-0.02344
-0.02237
-0.02087
-0.01855
-0.01517
-0.01077
-0.00580
-0.00043
0.00433
0.00851
0.01111
0.01251
0.01205
0.01041
0.00745
0.00415
0.00073
-0.00204
-0.00388
-0.00446
-0.00372
-0.00189
0.00079
0.00378
0.00635
0.00858
0.00967
0.00998
0.00885
0.00739
0.00488
0.00287
0.00067
-0.00116
-0.00244
-0.00250
-0.00150
0.00107
0.00534
0.01068
0.01715
0.02347
0.03070
0.03824
0.04697
0.05630
0.06564
0.07440
0.08173
0.08817
0.09317
0.09723
0.10092
0.10394
0.10684
0.10947
0.11203
0.11478
0.11743
0.12036
0.12311
0.12592
0.12903
0.13190
0.13489
0.13779
0.14020
0.14230
0.14355
0.14432
0.14404
0.14282
0.13959
0.13522
0.12878
0.12247
0.11569
0.11020
0.10519
0.10129
0.09778
0.09439
0.09076
0.08682
0.08221
0.07721
0.07129
0.06570
0.05991
0.05484
0.05035
0.04636
0.04324
0.04041
0.03839
0.03607
0.03409
0.03183
0.02951
0.02710
0.02466
0.02237
0.02036
0.01840
0.01721
0.01599
0.01562
0.01526
0.01575
0.01614
0.01697
0.01727
0.01779
0.01782
0.01779
0.01773
0.01767
0.01767
0.01746
0.01672
0.01532
0.01334
0.01077
0.00830
0.00565
0.00357
0.00180
0.00031
-0.00089
-0.00226
-0.00348
-0.00476
-0.00592
-0.00626
-0.00671
-0.00607
-0.00568
-0.00427
-0.00342
-0.00269
-0.00269
-0.00375
-0.00558
-0.00848
-0.01291
-0.01807
-0.02490
-0.03171
-0.03897
-0.04489
-0.04990
-0.05313
-0.05533
-0.05670
-0.05759
-0.05789
-0.05746
-0.05679
-0.05600
-0.05621
-0.05725
-0.05960
-0.06274
-0.06625
-0.06918
-0.07141
-0.07205
-0.07111
-0.06805
-0.06351
-0.05734
-0.05112
-0.04483
-0.03958
-0.03571
-0.03354
-0.03287
-0.03375
-0.03534
-0.03754
-0.03925
-0.04007
-0.03900
-0.03665
-0.03256
-0.02753
-0.02185
-0.01556
-0.00897
-0.00229
0.00397
0.00940
0.01373
0.01694
0.01892
0.02029
0.02151
0.02255
0.02368
0.02496
0.02664
0.02814
0.02991
0.03146
0.03326
0.03519
0.03726
0.03928
0.04144
0.04327
0.04483
0.04590
0.04642
0.04657
0.04648
0.04590
0.04562
0.04498
0.04474
0.04453
0.04446
0.04453
0.04489
0.04544
0.04596
0.04666
0.04721
0.04761
0.04755
0.04681
0.04498
0.04178
0.03714
0.03107
0.02374
0.01602
0.00815
0.00067
-0.00607
-0.01199
-0.01703
-0.02115
-0.02502
-0.02838
-0.03119
-0.03387
-0.03598
-0.03818
-0.03970
-0.04117
-0.04218
-0.04340
-0.04459
-0.04596
-0.04709
-0.04840
-0.04919
-0.05029
-0.05066
-0.05057
-0.04977
-0.04810
-0.04578
-0.04285
-0.03973
-0.03680
-0.03333
-0.02972
-0.02451
-0.01865
-0.01169
-0.00510
0.00064
0.00513
0.00851
0.01056
0.01184
0.01254
0.01331
0.01398
0.01529
0.01694
0.01926
0.02219
0.02557
0.02966
0.03381
0.03842
0.04279
0.04721
0.05099
0.05420
0.05658
0.05838
0.05954
0.05954
0.05838
0.05536
0.05109
0.04556
0.04007
0.03452
0.02975
0.02524
0.02097
0.01627
0.01105
0.00525
-0.00150
-0.00836
-0.01559
-0.02234
-0.02859
-0.03372
-0.03793
-0.04092
-0.04306
-0.04407
-0.04462
-0.04498
-0.04556
-0.04681
-0.04895
-0.05228
-0.05679
-0.06207
-0.06778
-0.07355
-0.07883
-0.08362
-0.08759
-0.09109
-0.09409
-0.09695
-0.09921
-0.10159
-0.10342
-0.10513
-0.10666
-0.10803
-0.10962
-0.11111
-0.11267
-0.11386
-0.11496
-0.11478
-0.11365
-0.11069
-0.10626
-0.10056
-0.09390
-0.08707
-0.08078
-0.07541
-0.07120
-0.06805
-0.06570
-0.06396
-0.06186
-0.05966
-0.05627
-0.05161
-0.04608
-0.03961
-0.03284
-0.02588
-0.01892
-0.01257
-0.00708
-0.00214
0.00232
0.00644
0.01099
0.01587
0.02164
0.02774
0.03387
0.03952
0.04498
0.04984
0.05505
0.05975
0.06451
0.06757
0.06927
0.06860
0.06668
0.06305
0.05923
0.05499
0.05148
0.04865
0.04712
0.04639
0.04672
0.04697
0.04764
0.04776
0.04767
0.04712
0.04636
0.04578
0.04541
0.04553
0.04581
0.04675
0.04813
0.04932
0.05017
0.04984
0.04855
0.04660
0.04431
0.04245
0.04120
0.04047
0.04010
0.03961
0.03857
0.03699
0.03464
0.03143
0.02771
0.02414
0.02032
0.01776
0.01532
0.01437
0.01413
0.01498
0.01639
0.01807
0.01981
0.02109
0.02219
0.02264
0.02264
0.02197
0.02069
0.01880
0.01639
0.01352
0.01074
0.00754
0.00525
0.00290
0.00186
0.00079
0.00082
0.00061
0.00046
-0.00031
-0.00201
-0.00485
-0.00897
-0.01483
-0.02197
-0.03058
-0.03989
-0.04944
-0.05875
-0.06750
-0.07510
-0.08188
-0.08752
-0.09244
-0.09677
-0.10034
-0.10327
-0.10571
-0.10739
-0.10886
-0.10968
-0.11063
-0.11142
-0.11243
-0.11343
-0.11401
-0.11386
-0.11282
-0.11105
-0.10840
-0.10529
-0.10114
-0.09705
-0.09219
-0.08713
-0.08170
-0.07608
-0.07068
-0.06454
-0.05801
-0.04987
-0.04028
-0.03006
-0.01904
-0.00906
0.00006
0.00763
0.01324
0.01733
0.01947
0.02084
0.02133
0.02228
0.02371
0.02606
0.02948
0.03387
0.03879
0.04407
0.04938
0.05463
0.05945
0.06378
0.06726
0.06976
0.07147
0.07236
0.07260
0.07211
0.07089
0.06964
0.06870
0.06882
0.07034
0.07318
0.07706
0.08121
0.08496
0.08813
0.08984
0.09030
0.08911
0.08685
0.08401
0.08075
0.07779
0.07565
0.07462
0.07526
0.07706
0.08054
0.08463
0.08945
0.09396
0.09775
0.10077
0.10248
0.10327
0.10275
0.10181
0.10052
0.09937
0.09848
0.09799
0.09787
0.09818
0.09827
0.09811
0.09708
0.09515
0.09216
0.08783
0.08252
0.07608
0.06876
0.06104
0.05283
0.04437
0.03656
0.02884
0.02213
0.01602
0.01129
0.00726
0.00467
0.00275
0.00198
0.00208
0.00247
0.00348
0.00378
0.00409
0.00366
0.00244
0.00070
-0.00180
-0.00418
-0.00635
-0.00784
-0.00891
-0.00909
-0.00885
-0.00784
-0.00674
-0.00500
-0.00330
-0.00140
0.00046
0.00159
0.00262
0.00290
0.00381
0.00528
0.00757
0.01013
0.01260
0.01434
0.01544
0.01590
0.01605
0.01617
0.01636
0.01688
0.01749
0.01831
0.01859
0.01837
0.01733
0.01584
0.01373
0.01172
0.00983
0.00867
0.00806
0.00803
0.00806
0.00845
0.00894
0.00958
0.00952
0.00919
0.00735
0.00504
0.00156
-0.00153
-0.00500
-0.00754
-0.01004
-0.01196
-0.01410
-0.01620
-0.01880
-0.02109
-0.02371
-0.02573
-0.02747
-0.02829
-0.02887
-0.02878
-0.02872
-0.02844
-0.02802
-0.02756
-0.02686
-0.02597
-0.02509
-0.02432
-0.02390
-0.02405
-0.02527
-0.02710
-0.03015
-0.03345
-0.03705
-0.04059
-0.04370
-0.04593
-0.04764
-0.04813
-0.04776
-0.04660
-0.04437
-0.04208
-0.04007
-0.03903
-0.04004
-0.04346
-0.04968
-0.05859
-0.06937
-0.08173
-0.09448
-0.10696
-0.11853
-0.12888
-0.13763
-0.14517
-0.15140
-0.15668
-0.16107
-0.16489
-0.16846
-0.17197
-0.17517
-0.17822
-0.18094
-0.18320
-0.18439
-0.18399
-0.18170
-0.17734
-0.17102
-0.16287
-0.15311
-0.14243
-0.13110
-0.11969
-0.10822
-0.09769
-0.08798
-0.07977
-0.07257
-0.06552
-0.05804
-0.04883
-0.03787
-0.02527
-0.01163
0.00223
0.01587
0.02881
0.04056
0.05118
0.06052
0.06931
0.07755
0.08575
0.09412
0.10239
0.11118
0.11993
0.12872
0.13705
0.14511
0.15234
0.15854
0.16336
0.16620
0.16791
0.16782
0.16635
0.16351
0.15863
0.15244
0.14453
0.13608
0.12726
0.11905
0.11145
0.10483
0.09930
0.09436
0.09070
0.08682
0.08350
0.07990
0.07596
0.07184
0.06689
0.06216
0.05670
0.05167
0.04648
0.04187
0.03748
0.03357
0.02975
0.02609
0.02231
0.01840
0.01410
0.00955
0.00497
0.00003
-0.00430
-0.00894
-0.01279
-0.01636
-0.01953
-0.02194
-0.02441
-0.02609
-0.02789
-0.02905
-0.02985
-0.03061
-0.03119
-0.03226
-0.03372
-0.03610
-0.03897
-0.04263
-0.04666
-0.05051
-0.05420
-0.05704
-0.05884
-0.05966
-0.05917
-0.05765
-0.05539
-0.05237
-0.04953
-0.04636
-0.04364
-0.04108
-0.03894
-0.03732
-0.03616
-0.03549
-0.03494
-0.03433
-0.03357
-0.03247
-0.03101
-0.02911
-0.02670
-0.02396
-0.02063
-0.01703
-0.01306
-0.00940
-0.00607
-0.00339
-0.00064
0.00211
0.00558
0.00940
0.01358
0.01758
0.02130
0.02493
0.02856
0.03195
0.03546
0.03851
0.04166
0.04388
0.04535
0.04596
0.04529
0.04367
0.04123
0.03784
0.03464
0.03140
0.02939
0.02814
0.02841
0.02966
0.03198
0.03503
0.03775
0.03946
0.03903
0.03641
0.03134
0.02444
0.01675
0.00830
0.00037
-0.00763
-0.01477
-0.02151
-0.02765
-0.03329
-0.03882
-0.04364
-0.04846
-0.05267
-0.05688
-0.06055
-0.06375
-0.06644
-0.06833
-0.06937
-0.06912
-0.06750
-0.06448
-0.06015
-0.05463
-0.04803
-0.04111
-0.03418
-0.02777
-0.02228
-0.01804
-0.01492
-0.01318
-0.01196
-0.01132
-0.00998
-0.00848
-0.00592
-0.00226
0.00220
0.00729
0.01227
0.01639
0.01920
0.02011
0.01904
0.01608
0.01147
0.00638
0.00058
-0.00452
-0.00912
-0.01276
-0.01517
-0.01678
-0.01761
-0.01785
-0.01828
-0.01874
-0.02002
-0.02170
-0.02396
-0.02704
-0.03046
-0.03452
-0.03802
-0.04160
-0.04453
-0.04688
-0.04855
-0.04965
-0.04965
-0.04904
-0.04715
-0.04413
-0.03967
-0.03433
-0.02863
-0.02280
-0.01736
-0.01160
-0.00558
0.00095
0.00781
0.01440
0.02057
0.02588
0.03052
0.03458
0.03802
0.04160
0.04504
0.04889
0.05316
0.05750
0.06213
0.06644
0.07068
0.07455
0.07816
0.08182
0.08575
0.08972
0.09390
0.09760
0.10126
0.10410
0.10660
0.10788
0.10822
0.10672
0.10373
0.09979
0.09488
0.09024
0.08551
0.08121
0.07748
0.07373
0.07065
0.06717
0.06400
0.06027
0.05661
0.05270
0.04880
0.04498
0.04126
0.03775
0.03418
0.03043
0.02649
0.02237
0.01834
0.01437
0.01068
0.00748
0.00446
0.00183
-0.00116
-0.00385
-0.00644
-0.00854
-0.01031
-0.01105
-0.01135
-0.01065
-0.01004
-0.00946
-0.00919
-0.00974
-0.01068
-0.01208
-0.01361
-0.01544
-0.01733
-0.01984
-0.02249
-0.02597
-0.02975
-0.03397
-0.03827
-0.04257
-0.04678
-0.05054
-0.05420
-0.05695
-0.05902
-0.05978
-0.05951
-0.05811
-0.05576
-0.05289
-0.04999
-0.04797
-0.04715
-0.04752
-0.04926
-0.05200
-0.05554
-0.05991
-0.06409
-0.06906
-0.07327
-0.07788
-0.08176
-0.08478
-0.08722
-0.08942
-0.09134
-0.09421
-0.09692
-0.09988
-0.10226
-0.10367
-0.10437
-0.10416
-0.10339
-0.10156
-0.09906
-0.09488
-0.08987
-0.08337
-0.07574
-0.06790
-0.05978
-0.05280
-0.04724
-0.04337
-0.04190
-0.04221
-0.04401
-0.04617
-0.04788
-0.04816
-0.04712
-0.04379
-0.03894
-0.03198
-0.02383
-0.01535
-0.00714
-0.00031
0.00513
0.00858
0.01117
0.01276
0.01422
0.01538
0.01709
0.01904
0.02161
0.02463
0.02780
0.03125
0.03464
0.03748
0.03992
0.04153
0.04260
0.04318
0.04370
0.04388
0.04422
0.04477
0.04535
0.04636
0.04733
0.04840
0.04956
0.05087
0.05237
0.05432
0.05679
0.06003
0.06375
0.06818
0.07294
0.07742
0.08182
0.08521
0.08768
0.08929
0.08981
0.08948
0.08817
0.08600
0.08267
0.07840
0.07297
0.06677
0.05978
0.05243
0.04510
0.03806
0.03156
0.02551
0.02020
0.01550
0.01147
0.00769
0.00446
0.00110
-0.00180
-0.00458
-0.00705
-0.00964
-0.01172
-0.01398
-0.01553
-0.01727
-0.01892
-0.02063
-0.02243
-0.02386
-0.02527
-0.02582
-0.02542
-0.02350
-0.02005
-0.01624
-0.01157
-0.00757
-0.00327
0.00082
0.00513
0.00986
0.01425
0.01837
0.02188
0.02478
0.02731
0.02972
0.03195
0.03427
0.03641
0.03821
0.03998
0.04169
0.04373
0.04617
0.04929
0.05325
0.05762
0.06308
0.06833
0.07367
0.07794
0.08145
0.08411
0.08627
0.08832
0.08997
0.09125
0.09171
0.09103
0.08939
0.08676
0.08353
0.07932
0.07480
0.06921
0.06366
0.05750
0.05176
0.04611
0.04147
0.03772
0.03455
0.03235
0.03009
0.02856
0.02643
0.02423
0.02145
0.01794
0.01382
0.00867
0.00296
-0.00378
-0.01047
-0.01770
-0.02451
-0.03107
-0.03671
-0.04123
-0.04492
-0.04733
-0.04941
-0.05090
-0.05264
-0.05493
-0.05789
-0.06149
-0.06522
-0.06891
-0.07172
-0.07349
-0.07358
-0.07214
-0.06946
-0.06552
-0.06146
-0.05679
-0.05267
-0.04922
-0.04657
-0.04517
-0.04465
-0.04517
-0.04605
-0.04700
-0.04755
-0.04755
-0.04645
-0.04434
-0.04135
-0.03766
-0.03375
-0.02945
-0.02536
-0.02112
-0.01755
-0.01437
-0.01166
-0.00955
-0.00751
-0.00586
-0.00391
-0.00134
0.00208
0.00601
0.01022
0.01331
0.01581
0.01703
0.01791
0.01868
0.01929
0.02020
0.02106
0.02188
0.02228
0.02240
0.02206
0.02115
0.02002
0.01819
0.01605
0.01346
0.01065
0.00797
0.00528
0.00266
0.00021
-0.00189
-0.00311
-0.00421
-0.00424
-0.00418
-0.00330
-0.00201
0.00009
0.00235
0.00479
0.00635
0.00681
0.00607
0.00418
0.00153
-0.00137
-0.00436
-0.00702
-0.00928
-0.01108
-0.01233
-0.01349
-0.01416
-0.01498
-0.01535
-0.01581
-0.01611
-0.01614
-0.01575
-0.01489
-0.01358
-0.01196
-0.01041
-0.00876
-0.00781
-0.00693
-0.00674
-0.00626
-0.00638
-0.00583
-0.00549
-0.00452
-0.00363
-0.00223
-0.00055
0.00128
0.00308
0.00473
0.00552
0.00562
0.00433
0.00198
-0.00137
-0.00568
-0.01071
-0.01651
-0.02292
-0.03030
-0.03815
-0.04712
-0.05591
-0.06512
-0.07336
-0.08099
-0.08725
-0.09265
-0.09711
-0.10092
-0.10461
-0.10852
-0.11243
-0.11676
-0.12079
-0.12460
-0.12827
-0.13159
-0.13449
-0.13712
-0.13931
-0.14185
-0.14420
-0.14639
-0.14877
-0.15079
-0.15277
-0.15411
-0.15402
-0.15292
-0.15009
-0.14648
-0.14197
-0.13663
-0.13065
-0.12332
-0.11505
-0.10596
-0.09637
-0.08743
-0.07944
-0.07315
-0.06857
-0.06610
-0.06473
-0.06454
-0.06458
-0.06421
-0.06311
-0.06070
-0.05685
-0.05203
-0.04678
-0.04111
-0.03613
-0.03082
-0.02682
-0.02298
-0.02011
-0.01694
-0.01328
-0.00879
-0.00320
0.00342
0.01028
0.01764
0.02469
0.03174
0.03851
0.04483
0.05032
0.05487
0.05801
0.05997
0.06073
0.06052
0.06030
0.06003
0.06076
0.06229
0.06512
0.06903
0.07401
0.07968
0.08572
0.09143
0.09671
0.10117
0.10464
0.10742
0.10950
0.11108
0.11307
0.11508
0.11774
0.12091
0.12427
0.12811
0.13138
0.13443
0.13647
0.13733
0.13684
0.13522
0.13257
0.12909
0.12534
0.12100
0.11700
0.11249
0.10794
0.10312
0.09793
0.09271
0.08768
0.08307
0.07913
0.07602
0.07352
0.07162
0.07031
0.06873
0.06738
0.06543
0.06348
0.06097
0.05869
0.05612
0.05365
0.05136
0.04907
0.04758
0.04614
0.04507
0.04410
0.04318
0.04221
0.04092
0.03952
0.03802
0.03711
0.03625
0.03543
0.03442
0.03250
0.03064
0.02875
0.02805
0.02838
0.03015
0.03275
0.03601
0.03912
0.04175
0.04343
0.04443
0.04440
0.04376
0.04233
0.04010
0.03772
0.03461
0.03159
0.02832
0.02567
0.02338
0.02264
0.02252
0.02350
0.02469
0.02615
0.02768
0.02927
0.03098
0.03241
0.03329
0.03299
0.03149
0.02841
0.02454
0.02002
0.01559
0.01135
0.00824
0.00589
0.00494
0.00470
0.00504
0.00610
0.00677
0.00784
0.00845
0.00903
0.00977
0.01025
0.01108
0.01181
0.01303
0.01410
0.01523
0.01633
0.01688
0.01703
0.01642
0.01517
0.01324
0.01129
0.00922
0.00787
0.00717
0.00778
0.00922
0.01163
0.01422
0.01663
0.01859
0.01962
0.01935
0.01788
0.01456
0.00998
0.00348
-0.00430
-0.01367
-0.02356
-0.03394
-0.04425
-0.05405
-0.06317
-0.07156
-0.07910
-0.08615
-0.09262
-0.09912
-0.10532
-0.11188
-0.11823
-0.12448
-0.13019
-0.13531
-0.13925
-0.14203
-0.14243
-0.14127
-0.13757
-0.13217
-0.12531
-0.11746
-0.10995
-0.10287
-0.09683
-0.09155
-0.08694
-0.08224
-0.07806
-0.07346
-0.06870
-0.06262
-0.05524
-0.04590
-0.03519
-0.02310
-0.01114
0.00079
0.01120
0.02051
0.02820
0.03467
0.04080
0.04626
0.05209
0.05795
0.06494
0.07214
0.08011
0.08762
0.09543
0.10226
0.10913
0.11481
0.11948
0.12320
0.12521
0.12698
0.12784
0.12839
0.12830
0.12708
0.12469
0.12067
0.11533
0.10889
0.10175
0.09451
0.08713
0.08008
0.07349
0.06757
0.06207
0.05719
0.05246
0.04807
0.04358
0.03888
0.03397
0.02905
0.02386
0.01880
0.01392
0.00909
0.00467
0.00040
-0.00354
-0.00748
-0.01117
-0.01492
-0.01843
-0.02182
-0.02502
-0.02805
-0.03122
-0.03391
-0.03699
-0.03940
-0.04230
-0.04474
-0.04761
-0.05011
-0.05249
-0.05475
-0.05667
-0.05820
-0.05945
-0.06055
-0.06168
-0.06317
-0.06494
-0.06726
-0.07001
-0.07275
-0.07593
-0.07797
-0.07990
-0.08063
-0.08084
-0.08044
-0.08005
-0.07986
-0.08002
-0.08032
-0.08099
-0.08154
-0.08221
-0.08215
-0.08170
-0.08084
-0.07944
-0.07812
-0.07614
-0.07452
-0.07266
-0.07092
-0.06891
-0.06638
-0.06320
-0.06009
-0.05695
-0.05499
-0.05331
-0.05249
-0.05139
-0.04944
-0.04669
-0.04242
-0.03738
-0.03162
-0.02579
-0.02020
-0.01569
-0.01230
-0.01086
-0.01105
-0.01315
-0.01639
-0.02023
-0.02411
-0.02716
-0.02963
-0.03058
-0.03003
-0.02798
-0.02438
-0.02060
-0.01611
-0.01205
-0.00815
-0.00500
-0.00266
-0.00204
-0.00314
-0.00674
-0.01227
-0.01953
-0.02759
-0.03580
-0.04367
-0.05063
-0.05667
-0.06161
-0.06592
-0.06937
-0.07306
-0.07629
-0.08023
-0.08423
-0.08823
-0.09222
-0.09528
-0.09763
-0.09821
-0.09753
-0.09494
-0.09064
-0.08484
-0.07803
-0.07080
-0.06345
-0.05685
-0.05093
-0.04599
-0.04193
-0.03824
-0.03506
-0.03137
-0.02713
-0.02234
-0.01660
-0.01074
-0.00415
0.00208
0.00833
0.01382
0.01883
0.02280
0.02576
0.02725
0.02756
0.02661
0.02475
0.02267
0.02048
0.01865
0.01721
0.01648
0.01611
0.01614
0.01572
0.01517
0.01340
0.01120
0.00803
0.00421
0.00015
-0.00406
-0.00800
-0.01132
-0.01413
-0.01611
-0.01770
-0.01828
-0.01855
-0.01828
-0.01770
-0.01657
-0.01422
-0.01093
-0.00583
-0.00034
0.00583
0.01129
0.01639
0.02090
0.02567
0.03061
0.03629
0.04263
0.04922
0.05600
0.06207
0.06775
0.07248
0.07651
0.07986
0.08276
0.08554
0.08832
0.09174
0.09485
0.09830
0.10104
0.10352
0.10596
0.10812
0.11038
0.11243
0.11417
0.11627
0.11829
0.12082
0.12317
0.12527
0.12625
0.12573
0.12323
0.11920
0.11368
0.10721
0.10086
0.09460
0.08972
0.08591
0.08328
0.08188
0.08078
0.07999
0.07855
0.07648
0.07376
0.07031
0.06659
0.06262
0.05841
0.05420
0.04971
0.04517
0.04047
0.03601
0.03217
0.02863
0.02637
0.02451
0.02393
0.02362
0.02386
0.02408
0.02438
0.02441
0.02426
0.02353
0.02252
0.02139
0.02054
0.02023
0.02078
0.02209
0.02417
0.02631
0.02802
0.02850
0.02756
0.02509
0.02142
0.01682
0.01190
0.00739
0.00327
0.00058
-0.00153
-0.00220
-0.00250
-0.00189
-0.00113
-0.00003
0.00061
0.00089
0.00027
-0.00085
-0.00281
-0.00531
-0.00824
-0.01120
-0.01419
-0.01688
-0.01959
-0.02234
-0.02536
-0.02820
-0.03104
-0.03372
-0.03690
-0.04071
-0.04507
-0.04990
-0.05438
-0.05783
-0.05954
-0.05917
-0.05664
-0.05240
-0.04654
-0.03995
-0.03278
-0.02554
-0.01913
-0.01358
-0.00995
-0.00775
-0.00717
-0.00787
-0.00989
-0.01205
-0.01486
-0.01651
-0.01724
-0.01624
-0.01379
-0.01031
-0.00604
-0.00137
0.00333
0.00769
0.01129
0.01355
0.01440
0.01367
0.01187
0.00909
0.00674
0.00449
0.00314
0.00287
0.00333
0.00452
0.00598
0.00748
0.00882
0.00958
0.00977
0.00922
0.00806
0.00659
0.00443
0.00211
-0.00058
-0.00336
-0.00650
-0.00931
-0.01199
-0.01401
-0.01526
-0.01556
-0.01483
-0.01318
-0.01083
-0.00787
-0.00482
-0.00140
0.00183
0.00519
0.00818
0.01108
0.01367
0.01599
0.01797
0.01965
0.02072
0.02133
0.02097
0.02005
0.01776
0.01505
0.01129
0.00769
0.00351
-0.00046
-0.00470
-0.00891
-0.01343
-0.01794
-0.02255
-0.02695
-0.03085
-0.03442
-0.03683
-0.03897
-0.04019
-0.04138
-0.04190
-0.04239
-0.04260
-0.04297
-0.04352
-0.04416
-0.04471
-0.04517
-0.04565
-0.04544
-0.04474
-0.04248
-0.03915
-0.03479
-0.03009
-0.02563
-0.02167
-0.01859
-0.01553
-0.01266
-0.00897
-0.00500
-0.00079
0.00314
0.00626
0.00894
0.01056
0.01224
0.01361
0.01544
0.01758
0.02002
0.02310
0.02606
0.02917
0.03137
0.03333
0.03479
0.03604
0.03735
0.03860
0.04016
0.04221
0.04501
0.04828
0.05231
0.05582
0.05865
0.05930
0.05795
0.05383
0.04813
0.04062
0.03265
0.02466
0.01752
0.01126
0.00665
0.00317
0.00131
0.00000
-0.00037
-0.00092
-0.00183
-0.00348
-0.00616
-0.01022
-0.01541
-0.02203
-0.02924
-0.03708
-0.04492
-0.05240
-0.05911
-0.06476
-0.06958
-0.07327
-0.07675
-0.07950
-0.08289
-0.08594
-0.08987
-0.09351
-0.09793
-0.10211
-0.10660
-0.11044
-0.11411
-0.11591
-0.11652
-0.11472
-0.11093
-0.10504
-0.09763
-0.08966
-0.08148
-0.07465
-0.06873
-0.06488
-0.06256
-0.06168
-0.06165
-0.06152
-0.06131
-0.06015
-0.05786
-0.05469
-0.05023
-0.04526
-0.03986
-0.03470
-0.02960
-0.02515
-0.02048
-0.01608
-0.01154
-0.00690
-0.00223
0.00262
0.00674
0.01019
0.01303
0.01505
0.01715
0.01923
0.02136
0.02341
0.02521
0.02670
0.02780
0.02911
0.03064
0.03287
0.03583
0.03900
0.04242
0.04520
0.04785
0.04950
0.05078
0.05106
0.05063
0.04993
0.04880
0.04794
0.04706
0.04623
0.04568
0.04517
0.04526
0.04584
0.04657
0.04770
0.04865
0.04987
0.05072
0.05182
0.05249
0.05298
0.05255
0.05145
0.04913
0.04657
0.04315
0.03973
0.03604
0.03259
0.02921
0.02615
0.02365
0.02161
0.02048
0.01971
0.01926
0.01868
0.01810
0.01691
0.01569
0.01395
0.01208
0.01013
0.00812
0.00610
0.00427
0.00269
0.00153
0.00134
0.00159
0.00302
0.00467
0.00732
0.00992
0.01279
0.01596
0.01917
0.02240
0.02539
0.02774
0.02908
0.02948
0.02823
0.02567
0.02197
0.01749
0.01251
0.00717
0.00208
-0.00333
-0.00824
-0.01361
-0.01889
-0.02448
-0.03009
-0.03595
-0.04160
-0.04749
-0.05292
-0.05841
-0.06320
-0.06723
-0.07037
-0.07266
-0.07413
-0.07507
-0.07568
-0.07626
-0.07730
-0.07870
-0.08096
-0.08383
-0.08704
-0.09097
-0.09500
-0.09872
-0.10156
-0.10233
-0.10159
-0.09863
-0.09467
-0.08954
-0.08429
-0.07904
-0.07404
-0.06912
-0.06458
-0.06024
-0.05643
-0.05347
-0.05078
-0.04874
-0.04645
-0.04449
-0.04227
-0.04019
-0.03796
-0.03555
-0.03323
-0.03119
-0.02951
-0.02811
-0.02701
-0.02560
-0.02414
-0.02213
-0.01965
-0.01651
-0.01215
-0.00629
0.00104
0.01028
0.02017
0.03055
0.03992
0.04825
0.05466
0.05923
0.06198
0.06326
0.06366
0.06378
0.06400
0.06488
0.06653
0.06915
0.07211
0.07541
0.07837
0.08066
0.08234
0.08304
0.08325
0.08304
0.08282
0.08295
0.08347
0.08463
0.08630
0.08875
0.09167
0.09500
0.09863
0.10187
0.10498
0.10736
0.10913
0.11026
0.11050
0.11020
0.10883
0.10693
0.10419
0.10138
0.09805
0.09503
0.09216
0.08963
0.08701
0.08444
0.08142
0.07834
0.07483
0.07101
0.06720
0.06308
0.05908
0.05499
0.05087
0.04663
0.04230
0.03787
0.03381
0.02988
0.02682
0.02386
0.02167
0.01965
0.01840
0.01724
0.01657
0.01578
0.01544
0.01489
0.01392
0.01187
0.00906
0.00546
0.00208
-0.00089
-0.00293
-0.00421
-0.00485
-0.00491
-0.00479
-0.00403
-0.00262
0.00000
0.00360
0.00797
0.01242
0.01639
0.01950
0.02136
0.02206
0.02145
0.02005
0.01782
0.01562
0.01352
0.01199
0.01053
0.00946
0.00854
0.00830
0.00854
0.00967
0.01062
0.01178
0.01260
0.01294
0.01294
0.01279
0.01215
0.01135
0.00958
0.00745
0.00446
0.00110
-0.00241
-0.00580
-0.00882
-0.01147
-0.01328
-0.01498
-0.01596
-0.01706
-0.01776
-0.01880
-0.01962
-0.02087
-0.02167
-0.02249
-0.02274
-0.02344
-0.02353
-0.02454
-0.02530
-0.02710
-0.02924
-0.03186
-0.03485
-0.03766
-0.03989
-0.04147
-0.04196
-0.04153
-0.03979
-0.03729
-0.03372
-0.03018
-0.02649
-0.02396
-0.02231
-0.02271
-0.02472
-0.02853
-0.03378
-0.03979
-0.04651
-0.05344
-0.06046
-0.06757
-0.07449
-0.08157
-0.08875
-0.09616
-0.10397
-0.11194
-0.12027
-0.12860
-0.13730
-0.14536
-0.15347
-0.16025
-0.16602
-0.17017
-0.17267
-0.17337
-0.17212
-0.16937
-0.16498
-0.15994
-0.15399
-0.14780
-0.14182
-0.13626
-0.13153
-0.12759
-0.12384
-0.11975
-0.11475
-0.10840
-0.10107
-0.09283
-0.08435
-0.07553
-0.06671
-0.05725
-0.04742
-0.03671
-0.02567
-0.01450
-0.00333
0.00757
0.01834
0.02847
0.03812
0.04700
0.05545
0.06348
0.07141
0.07901
0.08606
0.09283
0.09900
0.10516
0.11127
0.11697
0.12268
0.12784
0.13284
0.13696
0.14130
0.14459
0.14777
0.14954
0.15005
0.14926
0.14709
0.14462
0.14145
0.13852
0.13577
0.13318
0.13092
0.12842
0.12601
0.12314
0.12009
0.11624
0.11191
0.10678
0.10101
0.09482
0.08817
0.08157
0.07504
0.06937
0.06436
0.06003
0.05682
0.05353
0.05109
0.04819
0.04517
0.04163
0.03745
0.03259
0.02704
0.02121
0.01532
0.00937
0.00400
-0.00113
-0.00562
-0.00980
-0.01392
-0.01782
-0.02164
-0.02518
-0.02847
-0.03165
-0.03439
-0.03668
-0.03897
-0.04074
-0.04324
-0.04572
-0.04880
-0.05212
-0.05539
-0.05850
-0.06119
-0.06311
-0.06436
-0.06509
-0.06570
-0.06631
-0.06720
-0.06833
-0.06949
-0.07077
-0.07172
-0.07248
-0.07248
-0.07211
-0.07114
-0.07010
-0.06955
-0.06912
-0.06879
-0.06833
-0.06714
-0.06543
-0.06290
-0.05978
-0.05594
-0.05124
-0.04581
-0.03854
-0.03085
-0.02188
-0.01318
-0.00513
0.00168
0.00674
0.01041
0.01172
0.01196
0.01028
0.00836
0.00616
0.00467
0.00403
0.00446
0.00604
0.00867
0.01266
0.01724
0.02225
0.02661
0.03012
0.03226
0.03326
0.03299
0.03214
0.03040
0.02817
0.02518
0.02176
0.01807
0.01419
0.01028
0.00659
0.00272
-0.00110
-0.00513
-0.00937
-0.01367
-0.01791
-0.02231
-0.02615
-0.02994
-0.03299
-0.03531
-0.03656
-0.03690
-0.03586
-0.03418
-0.03140
-0.02829
-0.02454
-0.02121
-0.01776
-0.01505
-0.01245
-0.01047
-0.00861
-0.00681
-0.00467
-0.00217
0.00098
0.00467
0.00854
0.01260
0.01620
0.01926
0.02148
0.02271
0.02344
0.02368
0.02399
0.02423
0.02457
0.02487
0.02512
0.02481
0.02402
0.02222
0.01981
0.01666
0.01303
0.00891
0.00470
0.00037
-0.00360
-0.00784
-0.01141
-0.01581
-0.01990
-0.02509
-0.03024
-0.03610
-0.04187
-0.04749
-0.05237
-0.05603
-0.05826
-0.05930
-0.05927
-0.05905
-0.05820
-0.05737
-0.05582
-0.05405
-0.05173
-0.04892
-0.04611
-0.04324
-0.04059
-0.03763
-0.03387
-0.02936
-0.02371
-0.01740
-0.01047
-0.00323
0.00409
0.01099
0.01752
0.02289
0.02771
0.03159
0.03510
0.03854
0.04175
0.04474
0.04810
0.05185
0.05646
0.06180
0.06763
0.07367
0.07919
0.08432
0.08835
0.09174
0.09409
0.09567
0.09622
0.09595
0.09454
0.09268
0.08987
0.08698
0.08356
0.08026
0.07715
0.07455
0.07242
0.07092
0.06964
0.06824
0.06607
0.06293
0.05862
0.05325
0.04733
0.04099
0.03516
0.02988
0.02567
0.02246
0.02026
0.01874
0.01785
0.01685
0.01605
0.01450
0.01257
0.00964
0.00656
0.00290
-0.00034
-0.00381
-0.00650
-0.00897
-0.01074
-0.01227
-0.01321
-0.01395
-0.01425
-0.01425
-0.01398
-0.01404
-0.01440
-0.01593
-0.01776
-0.02100
-0.02478
-0.02905
-0.03336
-0.03705
-0.03995
-0.04199
-0.04291
-0.04312
-0.04282
-0.04230
-0.04224
-0.04276
-0.04431
-0.04657
-0.04962
-0.05301
-0.05667
-0.06027
-0.06342
-0.06631
-0.06879
-0.07159
-0.07458
-0.07840
-0.08237
-0.08682
-0.09070
-0.09409
-0.09677
-0.09851
-0.10010
-0.10071
-0.10077
-0.09924
-0.09610
-0.09085
-0.08417
-0.07590
-0.06720
-0.05814
-0.04965
-0.04233
-0.03635
-0.03256
-0.02997
-0.02896
-0.02795
-0.02728
-0.02573
-0.02365
-0.02008
-0.01556
-0.00983
-0.00354
0.00278
0.00830
0.01324
0.01682
0.02011
0.02289
0.02579
0.02863
0.03122
0.03333
0.03531
0.03619
0.03687
0.03671
0.03622
0.03552
0.03473
0.03403
0.03387
0.03381
0.03436
0.03461
0.03485
0.03439
0.03326
0.03122
0.02844
0.02478
0.02112
0.01743
0.01450
0.01221
0.01123
0.01135
0.01260
0.01477
0.01733
0.02029
0.02316
0.02600
0.02875
0.03134
0.03381
0.03613
0.03769
0.03909
0.03976
0.04016
0.04010
0.04028
0.04047
0.04129
0.04187
0.04263
0.04279
0.04260
0.04135
0.03909
0.03549
0.03079
0.02521
0.01892
0.01266
0.00610
0.00052
-0.00467
-0.00861
-0.01187
-0.01459
-0.01724
-0.01990
-0.02332
-0.02649
-0.03027
-0.03333
-0.03607
-0.03735
-0.03790
-0.03714
-0.03635
-0.03516
-0.03412
-0.03259
-0.03079
-0.02805
-0.02454
-0.02036
-0.01608
-0.01196
-0.00876
-0.00580
-0.00314
-0.00018
0.00333
0.00748
0.01190
0.01691
0.02203
0.02737
0.03220
0.03693
0.04059
0.04446
0.04752
0.05087
0.05389
0.05701
0.05994
0.06326
0.06680
0.07114
0.07571
0.08054
0.08539
0.08994
0.09424
0.09805
0.10135
0.10349
0.10461
0.10376
0.10150
0.09766
0.09268
0.08762
0.08234
0.07806
0.07449
0.07214
0.07040
0.06964
0.06848
0.06741
0.06506
0.06210
0.05768
0.05228
0.04605
0.03912
0.03204
0.02490
0.01807
0.01163
0.00580
0.00052
-0.00415
-0.00830
-0.01218
-0.01605
-0.02020
-0.02515
-0.03070
-0.03729
-0.04388
-0.05099
-0.05737
-0.06320
-0.06775
-0.07062
-0.07196
-0.07104
-0.06839
-0.06381
-0.05801
-0.05148
-0.04535
-0.03958
-0.03528
-0.03229
-0.03098
-0.03104
-0.03183
-0.03317
-0.03445
-0.03519
-0.03546
-0.03467
-0.03345
-0.03125
-0.02887
-0.02600
-0.02322
-0.02051
-0.01791
-0.01532
-0.01321
-0.01086
-0.00876
-0.00644
-0.00409
-0.00211
-0.00070
0.00006
0.00012
0.00009
0.00000
0.00055
0.00168
0.00345
0.00510
0.00653
0.00714
0.00726
0.00714
0.00677
0.00616
0.00568
0.00488
0.00458
0.00394
0.00366
0.00308
0.00241
0.00122
0.00027
-0.00070
-0.00113
-0.00125
-0.00104
-0.00061
0.00000
0.00073
0.00134
0.00198
0.00208
0.00204
0.00186
0.00189
0.00229
0.00320
0.00439
0.00562
0.00635
0.00659
0.00592
0.00479
0.00262
0.00015
-0.00287
-0.00589
-0.00851
-0.01047
-0.01135
-0.01135
-0.01038
-0.00928
-0.00797
-0.00748
-0.00766
-0.00919
-0.01135
-0.01437
-0.01709
-0.01999
-0.02182
-0.02350
-0.02390
-0.02399
-0.02286
-0.02139
-0.01904
-0.01642
-0.01349
-0.01038
-0.00726
-0.00449
-0.00174
0.00052
0.00211
0.00333
0.00327
0.00284
0.00140
-0.00024
-0.00186
-0.00354
-0.00494
-0.00653
-0.00793
-0.01007
-0.01254
-0.01666
-0.02142
-0.02792
-0.03503
-0.04306
-0.05133
-0.05951
-0.06726
-0.07382
-0.07959
-0.08392
-0.08759
-0.09048
-0.09314
-0.09576
-0.09875
-0.10245
-0.10648
-0.11090
-0.11508
-0.11896
-0.12268
-0.12598
-0.12881
-0.13126
-0.13257
-0.13293
-0.13199
-0.12991
-0.12738
-0.12460
-0.12247
-0.12091
-0.11990
-0.11917
-0.11856
-0.11823
-0.11771
-0.11728
-0.11642
-0.11533
-0.11383
-0.11234
-0.11044
-0.10880
-0.10678
-0.10526
-0.10342
-0.10220
-0.10098
-0.10001
-0.09848
-0.09631
-0.09308
-0.08890
-0.08371
-0.07761
-0.07074
-0.06274
-0.05392
-0.04437
-0.03436
-0.02472
-0.01550
-0.00720
0.00000
0.00613
0.01132
0.01578
0.01965
0.02368
0.02759
0.03223
0.03696
0.04227
0.04718
0.05179
0.05582
0.05911
0.06195
0.06390
0.06616
0.06796
0.07071
0.07361
0.07724
0.08133
0.08600
0.09070
0.09549
0.09985
0.10379
0.10709
0.10956
0.11133
0.11267
0.11349
0.11438
0.11465
0.11511
0.11490
0.11435
0.11334
0.11237
0.11188
0.11185
0.11264
0.11398
0.11548
0.11707
0.11807
0.11832
0.11786
0.11636
0.11453
0.11215
0.10941
0.10651
0.10324
0.10043
0.09775
0.09573
0.09412
0.09302
0.09207
0.09137
0.09018
0.08887
0.08673
0.08435
0.08154
0.07864
0.07507
0.07114
0.06570
0.06012
0.05338
0.04727
0.04175
0.03793
0.03577
0.03503
0.03503
0.03534
0.03519
0.03506
0.03461
0.03418
0.03378
0.03336
0.03308
0.03317
0.03320
0.03326
0.03302
0.03271
0.03201
0.03195
0.03186
0.03247
0.03287
0.03369
0.03409
0.03497
0.03534
0.03568
0.03537
0.03448
0.03275
0.03076
0.02866
0.02704
0.02621
0.02594
0.02606
0.02621
0.02634
0.02554
0.02466
0.02274
0.02054
0.01807
0.01547
0.01352
0.01208
0.01187
0.01230
0.01364
0.01538
0.01718
0.01889
0.01981
0.02023
0.01965
0.01837
0.01645
0.01416
0.01138
0.00916
0.00687
0.00589
0.00555
0.00638
0.00806
0.01050
0.01340
0.01657
0.01971
0.02243
0.02496
0.02634
0.02710
0.02637
0.02432
0.02106
0.01660
0.01187
0.00650
0.00146
-0.00369
-0.00839
-0.01321
-0.01834
-0.02414
-0.03088
-0.03857
-0.04758
-0.05713
-0.06766
-0.07825
-0.08856
-0.09818
-0.10611
-0.11255
-0.11697
-0.11935
-0.12009
-0.11926
-0.11719
-0.11472
-0.11163
-0.10870
-0.10562
-0.10281
-0.10028
-0.09845
-0.09695
-0.09619
-0.09497
-0.09357
-0.09091
-0.08704
-0.08194
-0.07620
-0.07037
-0.06494
-0.05948
-0.05402
-0.04822
-0.04181
-0.03491
-0.02707
-0.01865
-0.00986
-0.00070
0.00815
0.01654
0.02426
0.03159
0.03867
0.04590
0.05322
0.06055
0.06781
0.07455
0.08075
0.08597
0.08994
0.09250
0.09335
0.09335
0.09265
0.09210
0.09247
0.09332
0.09494
0.09662
0.09793
0.09903
0.09933
0.09943
0.09885
0.09808
0.09692
0.09518
0.09317
0.09055
0.08749
0.08401
0.07980
0.07541
0.07050
0.06531
0.06018
0.05493
0.05029
0.04614
0.04248
0.03961
0.03671
0.03439
0.03165
0.02905
0.02582
0.02240
0.01846
0.01465
0.01062
0.00684
0.00305
-0.00031
-0.00381
-0.00690
-0.01025
-0.01349
-0.01682
-0.02008
-0.02292
-0.02576
-0.02817
-0.03079
-0.03326
-0.03604
-0.03885
-0.04224
-0.04584
-0.04965
-0.05338
-0.05688
-0.06021
-0.06323
-0.06613
-0.06860
-0.07092
-0.07312
-0.07516
-0.07727
-0.07928
-0.08115
-0.08304
-0.08469
-0.08646
-0.08817
-0.08966
-0.09140
-0.09296
-0.09512
-0.09763
-0.10098
-0.10455
-0.10834
-0.11133
-0.11313
-0.11319
-0.11148
-0.10849
-0.10458
-0.10031
-0.09567
-0.09094
-0.08618
-0.08167
-0.07797
-0.07462
-0.07239
-0.07053
-0.06927
-0.06851
-0.06772
-0.06702
-0.06561
-0.06357
-0.06064
-0.05731
-0.05353
-0.04971
-0.04602
-0.04257
-0.03976
-0.03763
-0.03638
-0.03665
-0.03751
-0.03946
-0.04120
-0.04294
-0.04431
-0.04514
-0.04596
-0.04648
-0.04755
-0.04883
-0.05084
-0.05338
-0.05640
-0.06024
-0.06406
-0.06812
-0.07169
-0.07446
-0.07648
-0.07730
-0.07709
-0.07565
-0.07355
-0.07028
-0.06689
-0.06250
-0.05804
-0.05325
-0.04858
-0.04401
-0.03931
-0.03470
-0.02982
-0.02490
-0.01950
-0.01434
-0.00879
-0.00372
0.00177
0.00656
0.01157
0.01605
0.02026
0.02408
0.02716
0.02979
0.03210
0.03397
0.03598
0.03760
0.03958
0.04117
0.04297
0.04425
0.04501
0.04507
0.04456
0.04321
0.04175
0.03897
0.03619
0.03226
0.02805
0.02335
0.01822
0.01334
0.00836
0.00418
0.00000
-0.00333
-0.00687
-0.00995
-0.01306
-0.01553
-0.01749
-0.01828
-0.01859
-0.01797
-0.01727
-0.01651
-0.01581
-0.01520
-0.01419
-0.01273
-0.01102
-0.00873
-0.00662
-0.00409
-0.00140
0.00201
0.00571
0.00995
0.01419
0.01883
0.02338
0.02811
0.03262
0.03668
0.04062
0.04410
0.04803
0.05203
0.05655
0.06137
0.06601
0.07080
0.07501
0.07925
0.08282
0.08606
0.08899
0.09113
0.09341
0.09528
0.09738
0.09970
0.10181
0.10410
0.10571
0.10727
0.10825
0.10895
0.10919
0.10904
0.10828
0.10709
0.10522
0.10275
0.09967
0.09586
0.09152
0.08633
0.08093
0.07501
0.06934
0.06381
0.05899
0.05499
0.05200
0.04984
0.04837
0.04718
0.04645
0.04547
0.04449
0.04312
0.04114
0.03894
0.03632
0.03369
0.03143
0.02972
0.02902
0.02936
0.03046
0.03226
0.03397
0.03555
0.03632
0.03653
0.03531
0.03345
0.03061
0.02765
0.02451
0.02158
0.01898
0.01682
0.01541
0.01468
0.01410
0.01407
0.01392
0.01392
0.01376
0.01346
0.01282
0.01193
0.01068
0.00894
0.00662
0.00385
0.00024
-0.00363
-0.00800
-0.01230
-0.01660
-0.02084
-0.02524
-0.03015
-0.03531
-0.04120
-0.04681
-0.05222
-0.05615
-0.05896
-0.06000
-0.06015
-0.05875
-0.05634
-0.05270
-0.04776
-0.04211
-0.03549
-0.02872
-0.02194
-0.01541
-0.00949
-0.00439
-0.00037
0.00281
0.00528
0.00729
0.00940
0.01132
0.01340
0.01550
0.01758
0.01993
0.02240
0.02466
0.02692
0.02853
0.02988
0.03094
0.03217
0.03369
0.03589
0.03845
0.04102
0.04361
0.04559
0.04706
0.04770
0.04779
0.04736
0.04648
0.04523
0.04358
0.04147
0.03882
0.03528
0.03125
0.02640
0.02127
0.01562
0.00977
0.00378
-0.00220
-0.00806
-0.01312
-0.01779
-0.02115
-0.02359
-0.02457
-0.02448
-0.02350
-0.02222
-0.02060
-0.01965
-0.01868
-0.01837
-0.01834
-0.01834
-0.01825
-0.01813
-0.01773
-0.01788
-0.01773
-0.01797
-0.01785
-0.01755
-0.01712
-0.01636
-0.01569
-0.01492
-0.01462
-0.01492
-0.01602
-0.01785
-0.02036
-0.02344
-0.02716
-0.03131
-0.03564
-0.03995
-0.04388
-0.04736
-0.05051
-0.05301
-0.05542
-0.05743
-0.05997
-0.06250
-0.06555
-0.06842
-0.07101
-0.07269
-0.07355
-0.07327
-0.07242
-0.07083
-0.06927
-0.06723
-0.06503
-0.06201
-0.05826
-0.05405
-0.04971
-0.04578
-0.04251
-0.03967
-0.03729
-0.03482
-0.03241
-0.02945
-0.02612
-0.02191
-0.01712
-0.01163
-0.00592
-0.00043
0.00488
0.00955
0.01419
0.01831
0.02225
0.02600
0.02969
0.03357
0.03802
0.04260
0.04758
0.05228
0.05646
0.05966
0.06207
0.06326
0.06418
0.06424
0.06384
0.06323
0.06192
0.06094
0.05954
0.05835
0.05692
0.05515
0.05325
0.05048
0.04764
0.04346
0.03934
0.03372
0.02802
0.02103
0.01425
0.00674
-0.00061
-0.00790
-0.01480
-0.02097
-0.02695
-0.03204
-0.03723
-0.04178
-0.04681
-0.05182
-0.05762
-0.06354
-0.07056
-0.07755
-0.08496
-0.09186
-0.09805
-0.10281
-0.10574
-0.10675
-0.10571
-0.10339
-0.09958
-0.09528
-0.09012
-0.08527
-0.08023
-0.07581
-0.07162
-0.06781
-0.06451
-0.06152
-0.05890
-0.05643
-0.05386
-0.05133
-0.04883
-0.04630
-0.04361
-0.04074
-0.03745
-0.03400
-0.02991
-0.02557
-0.02097
-0.01617
-0.01175
-0.00757
-0.00436
-0.00183
0.00015
0.00180
0.00317
0.00507
0.00696
0.00940
0.01172
0.01453
0.01718
0.02042
0.02322
0.02612
0.02805
0.02933
0.02979
0.02951
0.02914
0.02835
0.02762
0.02692
0.02643
0.02661
0.02737
0.02872
0.03058
0.03250
0.03442
0.03650
0.03815
0.03995
0.04132
0.04221
0.04303
0.04343
0.04401
0.04443
0.04483
0.04492
0.04483
0.04453
0.04425
0.04446
0.04492
0.04562
0.04636
0.04657
0.04626
0.04544
0.04388
0.04190
0.03928
0.03641
0.03302
0.02982
0.02646
0.02341
0.02078
0.01825
0.01636
0.01428
0.01245
0.01022
0.00781
0.00519
0.00250
-0.00015
-0.00238
-0.00421
-0.00522
-0.00537
-0.00455
-0.00281
-0.00021
0.00302
0.00647
0.00974
0.01257
0.01453
0.01578
0.01605
0.01575
0.01480
0.01349
0.01184
0.01044
0.00922
0.00876
0.00876
0.00937
0.01047
0.01163
0.01260
0.01279
0.01205
0.01028
0.00754
0.00400
-0.00040
-0.00500
-0.01007
-0.01447
-0.01874
-0.02194
-0.02478
-0.02692
-0.02887
-0.03088
-0.03363
-0.03717
-0.04196
-0.04770
-0.05380
-0.06018
-0.06543
-0.06985
-0.07263
-0.07425
-0.07458
-0.07422
-0.07312
-0.07135
-0.06909
-0.06631
-0.06412
-0.06259
-0.06219
-0.06293
-0.06436
-0.06647
-0.06866
-0.07077
-0.07266
-0.07355
-0.07385
-0.07306
-0.07169
-0.06998
-0.06830
-0.06683
-0.06564
-0.06476
-0.06427
-0.06409
-0.06433
-0.06406
-0.06345
-0.06131
-0.05826
-0.05350
-0.04794
-0.04144
-0.03461
-0.02734
-0.01990
-0.01215
-0.00458
0.00272
0.00958
0.01593
0.02161
0.02679
0.03110
0.03485
0.03741
0.03925
0.04037
0.04056
0.04080
0.04056
0.04065
0.04126
0.04221
0.04410
0.04654
0.04959
0.05322
0.05682
0.06036
0.06314
0.06564
0.06744
0.06934
0.07129
0.07346
0.07584
0.07831
0.08008
0.08151
0.08160
0.08118
0.07996
0.07858
0.07721
0.07568
0.07431
0.07260
0.07077
0.06891
0.06702
0.06537
0.06421
0.06360
0.06369
0.06400
0.06461
0.06476
0.06506
0.06482
0.06430
0.06339
0.06216
0.06061
0.05936
0.05798
0.05740
0.05716
0.05783
0.05896
0.06055
0.06189
0.06247
0.06223
0.06049
0.05801
0.05466
0.05130
0.04788
0.04501
0.04214
0.03934
0.03647
0.03357
0.03128
0.02948
0.02859
0.02795
0.02719
0.02637
0.02478
0.02307
0.02069
0.01825
0.01547
0.01312
0.01096
0.00958
0.00903
0.00934
0.01013
0.01169
0.01343
0.01581
0.01828
0.02057
0.02246
0.02356
0.02374
0.02332
0.02203
0.02048
0.01819
0.01572
0.01273
0.01007
0.00781
0.00629
0.00580
0.00589
0.00650
0.00696
0.00726
0.00671
0.00558
0.00327
0.00049
-0.00317
-0.00671
-0.01028
-0.01279
-0.01477
-0.01547
-0.01562
-0.01514
-0.01465
-0.01486
-0.01587
-0.01822
-0.02118
-0.02548
-0.02969
-0.03427
-0.03787
-0.04053
-0.04150
-0.04114
-0.03912
-0.03619
-0.03268
-0.02917
-0.02655
-0.02469
-0.02380
-0.02377
-0.02432
-0.02545
-0.02707
-0.02899
-0.03159
-0.03424
-0.03757
-0.04056
-0.04398
-0.04691
-0.05014
-0.05316
-0.05704
-0.06140
-0.06757
-0.07440
-0.08307
-0.09235
-0.10281
-0.11301
-0.12305
-0.13156
-0.13864
-0.14346
-0.14630
-0.14709
-0.14658
-0.14493
-0.14319
-0.14142
-0.14023
-0.13913
-0.13834
-0.13678
-0.13458
-0.13132
-0.12708
-0.12225
-0.11725
-0.11218
-0.10703
-0.10181
-0.09604
-0.09012
-0.08432
-0.07855
-0.07315
-0.06790
-0.06238
-0.05695
-0.05099
-0.04510
-0.03870
-0.03207
-0.02457
-0.01642
-0.00717
0.00278
0.01349
0.02441
0.03568
0.04611
0.05615
0.06451
0.07233
0.07852
0.08441
0.08936
0.09372
0.09744
0.10013
0.10239
0.10413
0.10608
0.10858
0.11191
0.11600
0.12085
0.12558
0.13055
0.13467
0.13791
0.14008
0.14050
0.13977
0.13763
0.13440
0.13065
0.12640
0.12280
0.11948
0.11728
0.11548
0.11450
0.11331
0.11203
0.11014
0.10739
0.10373
0.09924
0.09390
0.08850
0.08267
0.07721
0.07169
0.06680
0.06183
0.05728
0.05267
0.04831
0.04428
0.04050
0.03720
0.03421
0.03113
0.02829
0.02496
0.02164
0.01776
0.01370
0.00949
0.00531
0.00174
-0.00180
-0.00470
-0.00735
-0.00977
-0.01163
-0.01376
-0.01587
-0.01849
-0.02148
-0.02515
-0.02911
-0.03375
-0.03806
-0.04251
-0.04590
-0.04907
-0.05136
-0.05341
-0.05511
-0.05710
-0.05923
-0.06158
-0.06421
-0.06671
-0.06937
-0.07202
-0.07443
-0.07697
-0.07922
-0.08029
-0.08038
-0.07874
-0.07571
-0.07242
-0.06833
-0.06522
-0.06244
-0.06079
-0.06009
-0.06024
-0.06100
-0.06183
-0.06238
-0.06180
-0.06061
-0.05768
-0.05423
-0.04926
-0.04404
-0.03775
-0.03195
-0.02600
-0.02133
-0.01730
-0.01431
-0.01239
-0.01114
-0.01099
-0.01147
-0.01276
-0.01465
-0.01642
-0.01785
-0.01859
-0.01843
-0.01773
-0.01685
-0.01590
-0.01587
-0.01654
-0.01852
-0.02176
-0.02591
-0.03064
-0.03519
-0.03906
-0.04172
-0.04288
-0.04263
-0.04089
-0.03839
-0.03506
-0.03201
-0.02866
-0.02591
-0.02267
-0.01984
-0.01648
-0.01303
-0.00912
-0.00476
0.00012
0.00507
0.01028
0.01550
0.02014
0.02454
0.02777
0.03070
0.03314
0.03555
0.03833
0.04120
0.04459
0.04770
0.05087
0.05328
0.05515
0.05627
0.05692
0.05750
0.05811
0.05856
0.05890
0.05850
0.05753
0.05551
0.05243
0.04831
0.04337
0.03757
0.03134
0.02429
0.01721
0.00946
0.00198
-0.00583
-0.01303
-0.02042
-0.02707
-0.03391
-0.03989
-0.04556
-0.05048
-0.05392
-0.05652
-0.05756
-0.05804
-0.05801
-0.05811
-0.05838
-0.05859
-0.05893
-0.05847
-0.05814
-0.05692
-0.05569
-0.05371
-0.05167
-0.04910
-0.04660
-0.04385
-0.04108
-0.03802
-0.03436
-0.03012
-0.02533
-0.02002
-0.01443
-0.00861
-0.00253
0.00378
0.00974
0.01572
0.02115
0.02588
0.03046
0.03430
0.03818
0.04132
0.04431
0.04651
0.04880
0.05109
0.05377
0.05740
0.06140
0.06625
0.07166
0.07703
0.08255
0.08719
0.09106
0.09360
0.09457
0.09390
0.09171
0.08826
0.08395
0.07895
0.07413
0.06943
0.06546
0.06186
0.05865
0.05594
0.05307
0.05032
0.04684
0.04300
0.03827
0.03323
0.02759
0.02188
0.01645
0.01151
0.00735
0.00412
0.00146
-0.00009
-0.00101
-0.00092
0.00000
0.00125
0.00256
0.00369
0.00385
0.00323
0.00116
-0.00211
-0.00610
-0.01080
-0.01508
-0.01892
-0.02185
-0.02380
-0.02469
-0.02475
-0.02429
-0.02380
-0.02356
-0.02383
-0.02487
-0.02649
-0.02899
-0.03189
-0.03488
-0.03818
-0.04077
-0.04358
-0.04608
-0.04868
-0.05176
-0.05505
-0.05911
-0.06329
-0.06778
-0.07251
-0.07703
-0.08240
-0.08749
-0.09326
-0.09836
-0.10257
-0.10538
-0.10617
-0.10574
-0.10358
-0.10083
-0.09698
-0.09268
-0.08801
-0.08295
-0.07779
-0.07227
-0.06613
-0.05954
-0.05219
-0.04446
-0.03653
-0.02847
-0.02063
-0.01270
-0.00568
0.00095
0.00620
0.01065
0.01392
0.01712
0.01968
0.02280
0.02573
0.02878
0.03152
0.03406
0.03668
0.03952
0.04294
0.04678
0.05133
0.05612
0.06104
0.06583
0.06998
0.07336
0.07596
0.07739
0.07800
0.07770
0.07639
0.07425
0.07126
0.06720
0.06290
0.05756
0.05249
0.04694
0.04199
0.03738
0.03348
0.03012
0.02753
0.02591
0.02496
0.02499
0.02570
0.02673
0.02826
0.02917
0.02988
0.02960
0.02899
0.02795
0.02722
0.02698
0.02740
0.02817
0.02942
0.03024
0.03104
0.03070
0.02979
0.02814
0.02585
0.02338
0.02026
0.01697
0.01340
0.00949
0.00580
0.00159
-0.00226
-0.00677
-0.01093
-0.01544
-0.01990
-0.02448
-0.02921
-0.03366
-0.03824
-0.04266
-0.04736
-0.05179
-0.05640
-0.06061
-0.06439
-0.06744
-0.06900
-0.06915
-0.06775
-0.06503
-0.06210
-0.05905
-0.05673
-0.05499
-0.05374
-0.05270
-0.05206
-0.05121
-0.05075
-0.04974
-0.04861
-0.04684
-0.04453
-0.04153
-0.03815
-0.03387
-0.02924
-0.02371
-0.01773
-0.01120
-0.00452
0.00241
0.00961
0.01709
0.02493
0.03281
0.04071
0.04843
0.05609
0.06351
0.07068
0.07748
0.08340
0.08838
0.09189
0.09467
0.09698
0.09894
0.10147
0.10413
0.10742
0.11096
0.11459
0.11789
0.12036
0.12177
0.12164
0.11993
0.11688
0.11249
0.10721
0.10141
0.09528
0.08920
0.08313
0.07721
0.07120
0.06540
0.05942
0.05356
0.04739
0.04086
0.03415
0.02655
0.01892
0.01031
0.00174
-0.00708
-0.01566
-0.02350
-0.03091
-0.03699
-0.04193
-0.04538
-0.04718
-0.04749
-0.04678
-0.04520
-0.04330
-0.04144
-0.03967
-0.03864
-0.03769
-0.03723
-0.03644
-0.03552
-0.03406
-0.03253
-0.03024
-0.02823
-0.02582
-0.02399
-0.02243
-0.02139
-0.02051
-0.01959
-0.01843
-0.01678
-0.01477
-0.01245
-0.00986
-0.00754
-0.00531
-0.00366
-0.00232
-0.00153
-0.00092
-0.00076
-0.00003
0.00073
0.00226
0.00400
0.00583
0.00754
0.00882
0.00998
0.01077
0.01126
0.01105
0.01010
0.00812
0.00565
0.00238
-0.00079
-0.00427
-0.00720
-0.01019
-0.01218
-0.01343
-0.01331
-0.01205
-0.01001
-0.00745
-0.00491
-0.00244
-0.00089
0.00018
-0.00003
-0.00061
-0.00201
-0.00302
-0.00400
-0.00409
-0.00372
-0.00314
-0.00253
-0.00217
-0.00198
-0.00143
-0.00101
0.00006
0.00101
0.00259
0.00394
0.00549
0.00659
0.00735
0.00778
0.00732
0.00635
0.00467
0.00238
-0.00003
-0.00305
-0.00571
-0.00916
-0.01212
-0.01599
-0.01941
-0.02310
-0.02634
-0.02890
-0.03088
-0.03165
-0.03159
-0.03033
-0.02826
-0.02530
-0.02185
-0.01801
-0.01447
-0.01108
-0.00879
-0.00723
-0.00626
-0.00626
-0.00592
-0.00632
-0.00586
-0.00577
-0.00510
-0.00473
-0.00455
-0.00470
-0.00555
-0.00687
-0.00882
-0.01126
-0.01428
-0.01776
-0.02124
-0.02463
-0.02734
-0.02975
-0.03128
-0.03265
-0.03351
-0.03461
-0.03610
-0.03833
-0.04144
-0.04550
-0.05054
-0.05652
-0.06311
-0.07025
-0.07739
-0.08429
-0.09079
-0.09604
-0.10013
-0.10248
-0.10355
-0.10349
-0.10321
-0.10300
-0.10297
-0.10349
-0.10382
-0.10474
-0.10565
-0.10733
-0.10934
-0.11191
-0.11453
-0.11722
-0.11954
-0.12137
-0.12289
-0.12350
-0.12360
-0.12302
-0.12228
-0.12152
-0.12112
-0.12091
-0.12097
-0.12097
-0.12094
-0.12061
-0.11978
-0.11841
-0.11618
-0.11270
-0.10822
-0.10233
-0.09576
-0.08820
-0.08020
-0.07147
-0.06232
-0.05249
-0.04263
-0.03241
-0.02283
-0.01328
-0.00497
0.00247
0.00821
0.01242
0.01547
0.01706
0.01834
0.01920
0.02045
0.02206
0.02432
0.02692
0.02991
0.03287
0.03607
0.03931
0.04251
0.04565
0.04834
0.05072
0.05255
0.05423
0.05551
0.05737
0.05966
0.06281
0.06653
0.07031
0.07394
0.07684
0.07904
0.08020
0.08078
0.08087
0.08054
0.08032
0.07977
0.07950
0.07874
0.07837
0.07806
0.07831
0.07928
0.08066
0.08261
0.08463
0.08670
0.08859
0.09018
0.09137
0.09216
0.09299
0.09348
0.09415
0.09470
0.09546
0.09674
0.09784
0.09930
0.10034
0.10123
0.10126
0.10046
0.09854
0.09595
0.09280
0.08975
0.08707
0.08496
0.08340
0.08197
0.08072
0.07965
0.07867
0.07803
0.07715
0.07593
0.07391
0.07108
0.06711
0.06265
0.05762
0.05264
0.04803
0.04416
0.04135
0.03998
0.03992
0.04108
0.04288
0.04495
0.04730
0.04910
0.05069
0.05109
0.05066
0.04907
0.04675
0.04382
0.04102
0.03809
0.03580
0.03348
0.03183
0.03036
0.02960
0.02939
0.02939
0.02988
0.03009
0.03049
0.03064
0.03076
0.03082
0.03091
0.03116
0.03156
0.03189
0.03226
0.03244
0.03210
0.03174
0.03033
0.02856
0.02582
0.02258
0.01898
0.01526
0.01190
0.00894
0.00662
0.00507
0.00427
0.00433
0.00494
0.00647
0.00848
0.01111
0.01370
0.01608
0.01770
0.01877
0.01904
0.01892
0.01828
0.01758
0.01688
0.01602
0.01547
0.01440
0.01309
0.01105
0.00839
0.00491
0.00089
-0.00418
-0.00958
-0.01575
-0.02188
-0.02826
-0.03442
-0.04034
-0.04602
-0.05173
-0.05704
-0.06250
-0.06784
-0.07278
-0.07739
-0.08136
-0.08466
-0.08752
-0.08975
-0.09192
-0.09341
-0.09506
-0.09576
-0.09613
-0.09546
-0.09424
-0.09238
-0.09058
-0.08868
-0.08707
-0.08499
-0.08258
-0.07938
-0.07581
-0.07199
-0.06821
-0.06470
-0.06140
-0.05826
-0.05508
-0.05164
-0.04800
-0.04388
-0.03885
-0.03302
-0.02618
-0.01840
-0.00998
-0.00092
0.00818
0.01715
0.02502
0.03180
0.03668
0.03998
0.04227
0.04373
0.04547
0.04736
0.04987
0.05261
0.05563
0.05881
0.06238
0.06619
0.07025
0.07489
0.07922
0.08395
0.08765
0.09076
0.09262
0.09302
0.09238
0.09012
0.08743
0.08417
0.08115
0.07867
0.07700
0.07645
0.07654
0.07730
0.07794
0.07864
0.07831
0.07742
0.07492
0.07178
0.06735
0.06244
0.05713
0.05188
0.04718
0.04330
0.04031
0.03775
0.03577
0.03345
0.03146
0.02875
0.02606
0.02264
0.01938
0.01559
0.01184
0.00772
0.00363
-0.00034
-0.00415
-0.00702
-0.00952
-0.01077
-0.01141
-0.01135
-0.01077
-0.00992
-0.00943
-0.00916
-0.01013
-0.01166
-0.01465
-0.01837
-0.02316
-0.02832
-0.03363
-0.03848
-0.04297
-0.04672
-0.05014
-0.05356
-0.05746
-0.06210
-0.06766
-0.07391
-0.07990
-0.08557
-0.08984
-0.09308
-0.09491
-0.09583
-0.09564
-0.09488
-0.09326
-0.09177
-0.09039
-0.08997
-0.09055
-0.09235
-0.09494
-0.09860
-0.10226
-0.10638
-0.10971
-0.11255
-0.11401
-0.11414
-0.11295
-0.11057
-0.10733
-0.10339
-0.09924
-0.09491
-0.09131
-0.08823
-0.08643
-0.08569
-0.08585
-0.08667
-0.08749
-0.08856
-0.08945
-0.09027
-0.09113
-0.09143
-0.09177
-0.09174
-0.09155
-0.09167
-0.09149
-0.09195
-0.09229
-0.09314
-0.09424
-0.09543
-0.09705
-0.09842
-0.10001
-0.10123
-0.10199
-0.10193
-0.10110
-0.09924
-0.09674
-0.09351
-0.08954
-0.08514
-0.07977
-0.07404
-0.06750
-0.06052
-0.05353
-0.04645
-0.04034
-0.03430
-0.02878
-0.02310
-0.01712
-0.01093
-0.00400
0.00290
0.01031
0.01749
0.02484
0.03183
0.03864
0.04520
0.05124
0.05661
0.06094
0.06461
0.06723
0.06970
0.07169
0.07388
0.07626
0.07892
0.08148
0.08398
0.08548
0.08591
0.08496
0.08240
0.07819
0.07272
0.06558
0.05795
0.04950
0.04111
0.03281
0.02518
0.01852
0.01279
0.00797
0.00391
0.00027
-0.00250
-0.00497
-0.00662
-0.00806
-0.00909
-0.01047
-0.01175
-0.01340
-0.01440
-0.01529
-0.01529
-0.01495
-0.01422
-0.01349
-0.01245
-0.01187
-0.01111
-0.01080
-0.01019
-0.00964
-0.00839
-0.00659
-0.00385
-0.00058
0.00323
0.00708
0.01123
0.01520
0.01950
0.02319
0.02704
0.03033
0.03348
0.03656
0.03961
0.04282
0.04587
0.04892
0.05164
0.05466
0.05771
0.06168
0.06595
0.07117
0.07697
0.08298
0.08908
0.09464
